   0  -0.45824  0.8000
   0  -0.09756  0.8000
   0  -0.30592  0.8000
   1  46.34797  0.8000
   0  -0.92446  0.8000
   0  -1.42871  0.8000
   1  37.74349  0.8000
   0  -1.14504  0.8000
   1  40.22552  0.8000
   0   0.94534  0.8000
   1  38.63179  0.8000
   1  43.08096  0.8000
   0   0.93778  0.8000
   0  -1.10393  0.8000
   0   0.90206  0.8000
   0   1.17562  0.8000
   0   0.53456  0.8000
   0   1.40235  0.8000
   0   1.29176  0.8000
   0  -0.06170  0.8000
   0   0.65023  0.8000
   0   0.05857  0.8000
   1  45.34794  0.8000
   0  -0.68069  0.8000
   0   0.75083  0.8000
   0   0.82644  0.8000
   0   0.72510  0.8000
   0   0.69450  0.8000
   0   0.95396  0.8000
   0   0.30234  0.8000
   0  -0.43297  0.8000
   0  -0.46342  0.8000
   0   0.55233  0.8000
   0  -1.19710  0.8000
   0  -0.09704  0.8000
   1  51.39765  0.8000
   0  -0.68069  0.8000
   0   0.56206  0.8000
   0   0.25241  0.8000
   0  -0.22802  0.8000
   0  -0.34462  0.8000
   0   0.25896  0.8000
   0  -0.54566  0.8000
   0   1.51472  0.8000
   0   1.38415  0.8000
   0  -0.00608  0.8000
   0  -0.31869  0.8000
   0  -0.82897  0.8000
   1  33.64216  0.8000
   0   0.82092  0.8000
   0  -0.81444  0.8000
   1  47.24929  0.8000
   0   0.44192  0.8000
   0  -0.34907  0.8000
   0  -0.17536  0.8000
   0  -0.34574  0.8000
   1  57.57767  0.8000
   0  -0.30964  0.8000
   0   0.33481  0.8000
   0   0.44560  0.8000
   0   0.63905  0.8000
   1  53.24749  0.8000
   0   1.12769  0.8000
   0   0.22498  0.8000
   0  -2.28186  0.8000
   0  -0.79675  0.8000
   0   0.30500  0.8000
   0  -1.06580  0.8000
   0   0.46921  0.8000
   0  -1.10501  0.8000
   0  -0.20597  0.8000
   1  35.46609  0.8000
   0   0.23431  0.8000
   0  -1.50841  0.8000
   0   0.26836  0.8000
   0  -0.59593  0.8000
   1  42.42043  0.8000
   1  43.68753  0.8000
   0  -0.76313  0.8000
   1  47.77758  0.8000
   0   0.57818  0.8000
   0  -0.93340  0.8000
   0   0.54648  0.8000
   0   0.73129  0.8000
   0   0.74473  0.8000
   0   0.07977  0.8000
   0  -0.66112  0.8000
   0  -1.02662  0.8000
   0   0.52357  0.8000
   0  -0.84764  0.8000
   0   0.47553  0.8000
   0   1.04154  0.8000
   0  -0.16641  0.8000
   0   0.17188  0.8000
   0   0.05099  0.8000
   0  -0.52900  0.8000
   0  -0.15748  0.8000
   0   0.47243  0.8000
   0   0.90564  0.8000
   0  -0.07281  0.8000
   0  -0.41007  0.8000
   0   0.45544  0.8000
   0  -0.32210  0.8000
   0  -0.11786  0.8000
   0   0.10678  0.8000
   0  -0.56079  0.8000
   0   0.29866  0.8000
   0   1.51910  0.8000
   0  -0.40756  0.8000
   0  -0.83511  0.8000
   0  -0.53214  0.8000
   0   0.45751  0.8000
   0   0.31074  0.8000
   0   0.33829  0.8000
   0  -0.89782  0.8000
   0   0.05371  0.8000
   0   1.22733  0.8000
   0  -0.20737  0.8000
   0  -0.86377  0.8000
   0   0.89443  0.8000
   0  -0.90375  0.8000
   0  -1.62573  0.8000
   0   0.67060  0.8000
   0  -0.00577  0.8000
   0   0.17676  0.8000
   0  -1.27278  0.8000
   0  -0.38705  0.8000
   0   1.04509  0.8000
   0   1.15835  0.8000
   0  -0.33886  0.8000
   0  -0.41739  0.8000
   0  -1.43434  0.8000
   0  -0.35948  0.8000
   0  -1.04852  0.8000
   0   0.14604  0.8000
   0  -0.00013  0.8000
   0   0.26924  0.8000
   0   0.84172  0.8000
   0   1.81776  0.8000
   0  -0.27609  0.8000
   0   0.39360  0.8000
   0  -0.13875  0.8000
   0   0.08960  0.8000
   0  -1.04701  0.8000
   0  -0.37600  0.8000
   0  -0.23563  0.8000
   0   0.15990  0.8000
   0  -0.02291  0.8000
   0  -0.03581  0.8000
   0  -0.56362  0.8000
   0  -0.44500  0.8000
   0   1.91011  0.8000
   0   0.75483  0.8000
   0   0.18697  0.8000
   0  -0.42308  0.8000
   0  -1.14607  0.8000
   0   0.20443  0.8000
   0   0.07993  0.8000
   1 124.18160  0.8000
   0  -0.50061  0.8000
   0  -0.59566  0.8000
   0   1.97175  0.8000
   0   0.69656  0.8000
   0  -0.05468  0.8000
   0   0.64257  0.8000
   0   0.91320  0.8000
   0  -0.45579  0.8000
   0  -1.07395  0.8000
   0   0.23104  0.8000
   0   0.02111  0.8000
   0  -0.27405  0.8000
   0   1.43451  0.8000
   0   0.85971  0.8000
   0  -0.26409  0.8000
   0  -1.05760  0.8000
   0   0.34622  0.8000
   0  -1.47273  0.8000
   0   0.65878  0.8000
   0   0.51876  0.8000
   0   0.74855  0.8000
   0   0.55885  0.8000
   0   0.50369  0.8000
   0  -1.30213  0.8000
   0  -0.45786  0.8000
   0   0.16536  0.8000
   0   0.18366  0.8000
   0  -0.48777  0.8000
   0  -0.22671  0.8000
   0  -0.03417  0.8000
   0  -0.98352  0.8000
   0   1.24070  0.8000
   0  -1.06364  0.8000
   0   0.01835  0.8000
   0  -0.28193  0.8000
   0   0.08555  0.8000
   0  -1.23510  0.8000
   0  -0.82498  0.8000
   0  -0.80036  0.8000
   0  -1.66189  0.8000
   0   0.21143  0.8000
   0  -0.62071  0.8000
   0  -0.61156  0.8000
   0  -0.54253  0.8000
   0   0.49191  0.8000
   0   0.15674  0.8000
   0  -0.11741  0.8000
   0   0.56218  0.8000
   0   1.17617  0.8000
   0  -0.03072  0.8000
   0  -0.60628  0.8000
   0  -0.72886  0.8000
   0  -0.66420  0.8000
   0  -0.31966  0.8000
   0  -0.25090  0.8000
   0  -0.93657  0.8000
   0   0.65854  0.8000
   0   1.42433  0.8000
   0  -0.18014  0.8000
   0  -0.94222  0.8000
   0  -0.05633  0.8000
   0  -0.04892  0.8000
   0  -0.20102  0.8000
   0   0.73434  0.8000
   0  -0.35033  0.8000
   0   0.03961  0.8000
   0   0.68381  0.8000
   0  -0.33040  0.8000
   0   0.67678  0.8000
   0  -0.39710  0.8000
   0   0.37200  0.8000
   0   1.44052  0.8000
   0   1.30990  0.8000
   0  -0.22376  0.8000
   0   0.71899  0.8000
   0  -0.83825  0.8000
   0  -0.46277  0.8000
   0   0.10758  0.8000
   0   1.00768  0.8000
   0  -0.50739  0.8000
   0   0.35089  0.8000
   0   0.11563  0.8000
   0  -0.46684  0.8000
   0  -0.14973  0.8000
   0   0.82335  0.8000
   0   0.62479  0.8000
   0   0.25750  0.8000
   0   0.00629  0.8000
   0  -0.49359  0.8000
   0  -0.47063  0.8000
   0   1.07974  0.8000
   1  36.12665  0.8000
   0  -1.03949  0.8000
   0   0.24895  0.8000
   0   2.03041  0.8000
   1  44.05245  0.8000
   0   0.01838  0.8000
   1  37.01917  0.8000
   0   0.12241  0.8000
   0   2.15792  0.8000
   1  49.38090  0.8000
   1  51.56190  0.8000
   0   0.88083  0.8000
   1  53.72167  0.8000
   0   0.91352  0.8000
   0  -0.17932  0.8000
   0  -1.28713  0.8000
   0   0.28599  0.8000
   0  -1.20904  0.8000
   0  -0.60776  0.8000
   0   0.81329  0.8000
   0   0.00270  0.8000
   0   0.11467  0.8000
   0   1.33441  0.8000
   1  49.98218  0.8000
   0   0.10745  0.8000
   0  -0.39859  0.8000
   0  -1.15288  0.8000
   0  -0.15695  0.8000
   0  -0.47701  0.8000
   0   1.25763  0.8000
   0  -0.41857  0.8000
   0  -0.06687  0.8000
   0  -0.13643  0.8000
   0   0.06952  0.8000
   1  47.52584  0.8000
   0   0.15041  0.8000
   0  -0.62388  0.8000
   0  -0.25068  0.8000
   0  -0.45899  0.8000
   0   0.17876  0.8000
   0   0.67238  0.8000
   0   0.36247  0.8000
   0  -0.15626  0.8000
   0   0.12149  0.8000
   0  -0.39214  0.8000
   0  -0.43036  0.8000
   0  -1.42286  0.8000
   0   1.54560  0.8000
   0   0.55865  0.8000
   0   0.08135  0.8000
   0  -0.54028  0.8000
   0   0.20126  0.8000
   0   2.42542  0.8000
   0   1.09575  0.8000
   0  -0.21354  0.8000
   0  -1.19618  0.8000
   0  -0.39595  0.8000
   0  -0.75915  0.8000
   0   0.40098  0.8000
   0   0.37398  0.8000
   0  -0.36708  0.8000
   0  -0.60907  0.8000
   0   0.10226  0.8000
   0  -0.53925  0.8000
   0   0.11857  0.8000
   0   0.78370  0.8000
   0   0.36023  0.8000
   0  -0.83940  0.8000
   1  64.38329  0.8000
   0   0.63977  0.8000
   0   0.84050  0.8000
   0   0.32163  0.8000
   1  42.15485  0.8000
   0   0.19672  0.8000
   0  -0.26444  0.8000
   1 175.50143  0.8000
   0   0.77796  0.8000
   0   0.20449  0.8000
   1  40.78135  0.8000
   0   2.20773  0.8000
   1  62.87401  0.8000
   0  -1.55855  0.8000
   1  45.11969  0.8000
   1 113.26710  0.8000
   0  -0.43579  0.8000
   1 176.20525  0.8000
   1  32.33792  0.8000
   1  51.67201  0.8000
   1  74.94875  0.8000
   1  42.23325  0.8000
   0  -0.11254  0.8000
   0  -0.58909  0.8000
   1  65.34246  0.8000
   1  97.19365  0.8000
   1 195.75716  0.8000
   0   0.11816  0.8000
   1  70.36153  0.8000
   1  36.55907  0.8000
   0   0.11175  0.8000
   0  -0.35288  0.8000
   0  -0.57095  0.8000
   0  -0.27857  0.8000
   0   0.82173  0.8000
   0   0.33158  0.8000
   0   0.16721  0.8000
   1 142.46245  0.8000
   0  -0.02909  0.8000
   0   1.07248  0.8000
   0  -0.59622  0.8000
   1  50.38618  0.8000
   0   0.37053  0.8000
   0  -0.46113  0.8000
   0  -0.08587  0.8000
   0  -0.16321  0.8000
   1  65.06957  0.8000
   0   1.64880  0.8000
   0   1.30812  0.8000
   0   1.26757  0.8000
   0  -0.18562  0.8000
   0   0.62157  0.8000
   0  -0.43996  0.8000
   0  -0.76093  0.8000
   0  -0.32505  0.8000
   0   1.14730  0.8000
   0   0.95096  0.8000
   0   1.19742  0.8000
   0   1.42461  0.8000
   0  -0.80482  0.8000
   0  -0.78288  0.8000
   0   0.69233  0.8000
   0   0.39393  0.8000
   0   0.95638  0.8000
   0   1.70305  0.8000
   0  -0.40762  0.8000
   1  30.76805  0.8000
   0  -0.47702  0.8000
   0   0.45574  0.8000
   0   1.60819  0.8000
   0   0.05595  0.8000
   0   0.34933  0.8000
   0   0.59942  0.8000
   0   1.30808  0.8000
   0   1.08157  0.8000
   0  -1.83826  0.8000
   0  -0.32553  0.8000
   0  -0.00631  0.8000
   0   0.42530  0.8000
   0  -1.37305  0.8000
   0   0.69435  0.8000
   0  -0.15137  0.8000
   0  -0.45115  0.8000
   0   2.35548  0.8000
   0   0.83992  0.8000
   0   0.29805  0.8000
   0  -0.20301  0.8000
   0  -0.72082  0.8000
   0   0.00189  0.8000
   0  -0.07254  0.8000
   0   0.22992  0.8000
   0  -0.46608  0.8000
   0   0.21836  0.8000
   1  49.84010  0.8000
   0   1.24240  0.8000
   0  -0.29479  0.8000
   0   0.08034  0.8000
   0   1.26381  0.8000
   0  -0.48196  0.8000
   0   0.13626  0.8000
   1  33.73901  0.8000
   0  -1.03153  0.8000
   0  -0.38235  0.8000
   0   0.35772  0.8000
   0   0.06623  0.8000
   0  -0.11837  0.8000
   0   0.85379  0.8000
   0   0.50928  0.8000
   0   0.02781  0.8000
   0  -1.16090  0.8000
   0   0.31417  0.8000
   0  -1.05584  0.8000
   0  -0.05577  0.8000
   0  -0.90211  0.8000
   0   0.40198  0.8000
   0  -0.25676  0.8000
   0   0.09671  0.8000
   0   1.02112  0.8000
   0  -0.82337  0.8000
   0   1.21928  0.8000
   0  -0.65056  0.8000
   0   0.76679  0.8000
   0   1.17099  0.8000
   0   1.31481  0.8000
   0   1.79587  0.8000
   0   0.50900  0.8000
   1 189.81012  0.8000
   0  -0.55821  0.8000
   0   1.11043  0.8000
   1  59.82203  0.8000
   0   0.89469  0.8000
   0  -0.26013  0.8000
   1 247.98950  0.8000
   1  79.97453  0.8000
   0  -0.97191  0.8000
   1 101.45215  0.8000
   1 178.47629  0.8000
   1 115.50172  0.8000
   0  -0.37492  0.8000
   1  48.35660  0.8000
   1 189.34960  0.8000
   0  -0.09645  0.8000
   1 154.86851  0.8000
   1 234.07639  0.8000
   0   1.17266  0.8000
   0   1.16778  0.8000
   0  -0.59933  0.8000
   1 126.86065  0.8000
   1  51.30103  0.8000
   0  -0.38006  0.8000
   0   0.94676  0.8000
   1 202.08786  0.8000
   1  75.00793  0.8000
   1 204.84354  0.8000
   0   0.16753  0.8000
   0  -0.96554  0.8000
   0  -0.49789  0.8000
   0  -0.28042  0.8000
   0  -0.39009  0.8000
   1  83.87065  0.8000
   0  -1.16912  0.8000
   0   0.34073  0.8000
   0   1.66138  0.8000
   0   0.40591  0.8000
   1 175.72105  0.8000
   0  -0.39434  0.8000
   1 211.77164  0.8000
   0   0.60179  0.8000
   1 165.93869  0.8000
   0  -0.45106  0.8000
   0  -0.26627  0.8000
   0   0.37282  0.8000
   0  -0.24065  0.8000
   0   0.04328  0.8000
   0   0.98397  0.8000
   0   2.49840  0.8000
   0  -0.89787  0.8000
   0   0.50388  0.8000
   0   0.36166  0.8000
   0  -0.40337  0.8000
   0  -0.85714  0.8000
   0  -0.92090  0.8000
   0   1.19466  0.8000
   0  -1.23485  0.8000
   0   0.69355  0.8000
   0  -0.01969  0.8000
   1  32.54636  0.8000
   0  -1.22441  0.8000
   0   0.37137  0.8000
   0  -0.00767  0.8000
   0  -0.12593  0.8000
   0   0.64932  0.8000
   0   0.55986  0.8000
   0   0.45303  0.8000
   0  -1.47032  0.8000
   0  -0.36567  0.8000
   0  -1.54862  0.8000
   0  -0.09223  0.8000
   0   0.02972  0.8000
   0  -0.64394  0.8000
   0   0.04431  0.8000
   0  -0.25720  0.8000
   0   0.34921  0.8000
   0   0.34830  0.8000
   0   1.29414  0.8000
   0  -0.47638  0.8000
   0  -0.09947  0.8000
   0  -0.40696  0.8000
   0   0.08384  0.8000
   0  -0.00284  0.8000
   0  -0.28427  0.8000
   0   1.62186  0.8000
   0   1.30425  0.8000
   0   0.91707  0.8000
   0   0.99065  0.8000
   1  52.74644  0.8000
   0   0.49494  0.8000
   0   0.00531  0.8000
   0   0.76025  0.8000
   0   1.07517  0.8000
   0  -0.82638  0.8000
   0   0.05465  0.8000
   0   0.61854  0.8000
   0   0.94276  0.8000
   0   0.19915  0.8000
   0  -0.00679  0.8000
   0  -1.27193  0.8000
   0   0.52110  0.8000
   0   0.91768  0.8000
   0  -0.20096  0.8000
   0   1.65485  0.8000
   0  -0.47630  0.8000
   0  -1.19530  0.8000
   0   0.66604  0.8000
   0  -0.27954  0.8000
   0  -0.39398  0.8000
   0  -0.03087  0.8000
   0  -0.12379  0.8000
   0   0.26484  0.8000
   1  33.50059  0.8000
   0   0.09688  0.8000
   0  -0.00462  0.8000
   0  -0.69691  0.8000
   0   0.14066  0.8000
   0  -0.47390  0.8000
   0   0.41679  0.8000
   0  -0.80127  0.8000
   0   1.62915  0.8000
   0   0.51262  0.8000
   0  -0.16336  0.8000
   0   0.22631  0.8000
   0  -0.93081  0.8000
   0   0.79627  0.8000
   0  -1.04651  0.8000
   0   0.73636  0.8000
   0  -0.43725  0.8000
   0   0.72114  0.8000
   0   1.12973  0.8000
   0  -0.55831  0.8000
   0   0.85944  0.8000
   0   0.24488  0.8000
   0  -0.38027  0.8000
   0  -0.04209  0.8000
   0  -0.84678  0.8000
   0  -0.76898  0.8000
   0  -0.29490  0.8000
   1  41.27622  0.8000
   0   0.59935  0.8000
   0  -0.54325  0.8000
   0  -0.97561  0.8000
   0  -0.91401  0.8000
   0  -1.06669  0.8000
   0  -0.53417  0.8000
   0   0.27120  0.8000
   0  -1.22534  0.8000
   0   0.60102  0.8000
   0  -0.60339  0.8000
   0  -0.40831  0.8000
   0   1.34702  0.8000
   0  -0.48074  0.8000
   0   0.00933  0.8000
   0  -0.20660  0.8000
   0  -0.31538  0.8000
   0   0.39085  0.8000
   0  -0.55679  0.8000
   0  -1.17947  0.8000
   0  -0.22670  0.8000
   0  -1.12493  0.8000
   0   0.68626  0.8000
   0  -1.36446  0.8000
   0  -0.31408  0.8000
   0  -0.15350  0.8000
   0   1.49411  0.8000
   0   0.03030  0.8000
   0  -0.58169  0.8000
   0   0.95718  0.8000
   0  -0.68315  0.8000
   0  -0.20689  0.8000
   0   0.88052  0.8000
   0   0.48852  0.8000
   0   0.96436  0.8000
   0   0.22848  0.8000
   0  -0.26692  0.8000
   0   0.31951  0.8000
   0  -1.01764  0.8000
   0   0.54929  0.8000
   0   0.18572  0.8000
   0   0.51884  0.8000
   0   0.45529  0.8000
   0  -0.25678  0.8000
   0  -0.37297  0.8000
   0  -2.05250  0.8000
   0   1.27719  0.8000
   0  -0.11630  0.8000
   0  -0.61860  0.8000
   0  -0.05245  0.8000
   0  -0.31341  0.8000
   0  -2.06171  0.8000
   0   1.27090  0.8000
   0  -1.10187  0.8000
   0  -0.93782  0.8000
   0   1.29221  0.8000
   0  -0.30935  0.8000
   0  -0.58198  0.8000
   0  -0.01844  0.8000
   0   1.28164  0.8000
   0  -0.04231  0.8000
   0  -1.42978  0.8000
   0  -0.87546  0.8000
   0  -0.57610  0.8000
   0  -0.25526  0.8000
   0  -0.69827  0.8000
   0   0.04059  0.8000
   0   0.93797  0.8000
   0   0.21460  0.8000
   0  -0.12340  0.8000
   0  -0.55790  0.8000
   0  -0.39276  0.8000
   0  -1.06368  0.8000
   0  -1.19823  0.8000
   0  -0.54683  0.8000
   0  -0.01169  0.8000
   0   0.13631  0.8000
   0  -1.38907  0.8000
   0   1.31629  0.8000
   0  -0.96589  0.8000
   0   0.15270  0.8000
   0   0.99223  0.8000
   0   0.01413  0.8000
   0  -1.11094  0.8000
   0   0.07313  0.8000
   0  -0.99741  0.8000
   0  -0.70122  0.8000
   0  -0.05614  0.8000
   0  -0.03713  0.8000
   0  -0.69867  0.8000
   0  -0.21250  0.8000
   0  -0.16986  0.8000
   0   0.29495  0.8000
   0   0.47695  0.8000
   0   1.85467  0.8000
   0  -0.04499  0.8000
   0   0.22425  0.8000
   0   0.13736  0.8000
   0   0.91057  0.8000
   0   0.71170  0.8000
   0  -0.71518  0.8000
   0   1.67050  0.8000
   0  -0.04993  0.8000
   0  -0.58562  0.8000
   0  -1.24583  0.8000
   1  38.44399  0.8000
   0  -0.46328  0.8000
   0  -0.19524  0.8000
   0   0.30180  0.8000
   0   0.09943  0.8000
   0   0.64247  0.8000
   0  -1.70954  0.8000
   0   0.53716  0.8000
   0  -0.09009  0.8000
   0   0.61780  0.8000
   0   0.95975  0.8000
   0  -0.09774  0.8000
   0   0.01903  0.8000
   0  -1.18786  0.8000
   0   0.09867  0.8000
   0   1.76237  0.8000
   0   0.12247  0.8000
   0  -0.47277  0.8000
   0   1.12008  0.8000
   0  -0.26370  0.8000
   0  -0.28844  0.8000
   0  -0.85357  0.8000
   0  -0.44864  0.8000
   0  -2.23546  0.8000
   0  -1.02354  0.8000
   0   0.18424  0.8000
   0  -0.57718  0.8000
   1  54.12284  0.8000
   0   0.11142  0.8000
   0  -0.50441  0.8000
   0   1.23407  0.8000
   0  -1.16431  0.8000
   0  -1.57825  0.8000
   0   1.41862  0.8000
   1  40.91477  0.8000
   0  -0.94527  0.8000
   0  -0.23655  0.8000
   0   0.68581  0.8000
   0  -1.25995  0.8000
   0  -0.97331  0.8000
   0   0.43754  0.8000
   0  -0.90137  0.8000
   0   0.05462  0.8000
   0  -0.47839  0.8000
   0  -0.77236  0.8000
   0   0.05770  0.8000
   0   0.77916  0.8000
   0  -0.38914  0.8000
   0  -0.54111  0.8000
   0   0.25721  0.8000
   0  -0.00893  0.8000
   0  -0.96738  0.8000
   0   0.95566  0.8000
   0   0.77086  0.8000
   0  -2.16873  0.8000
   0  -0.21051  0.8000
   0   1.06849  0.8000
   0  -0.45435  0.8000
   0  -0.26916  0.8000
   0  -0.04641  0.8000
   0   1.57609  0.8000
   0  -0.37943  0.8000
   0  -0.01933  0.8000
   0   0.98372  0.8000
   0  -0.36449  0.8000
   0   0.41184  0.8000
   0  -0.38991  0.8000
   0  -0.05473  0.8000
   0  -0.26284  0.8000
   0   0.86869  0.8000
   0   0.00844  0.8000
   0   0.61170  0.8000
   0   1.26303  0.8000
   0   0.02673  0.8000
   0   0.09712  0.8000
   0   1.92214  0.8000
   0   0.97723  0.8000
   0   0.01008  0.8000
   0  -0.41385  0.8000
   0  -0.01092  0.8000
   0  -0.09538  0.8000
   0  -0.11949  0.8000
   0  -0.92829  0.8000
   0   0.31730  0.8000
   0  -0.20164  0.8000
   0   0.60366  0.8000
   0  -0.44965  0.8000
   0  -0.73109  0.8000
   0  -0.86589  0.8000
   0  -0.31181  0.8000
   0  -0.16447  0.8000
   0  -0.06504  0.8000
   0   0.48857  0.8000
   0  -0.40958  0.8000
   0   1.02660  0.8000
   0  -0.26926  0.8000
   0  -0.17528  0.8000
   0  -0.26570  0.8000
   0  -1.62992  0.8000
   1  38.52935  0.8000
   0  -0.16518  0.8000
   0  -0.23658  0.8000
   0  -0.18213  0.8000
   0  -0.62853  0.8000
   0   1.22988  0.8000
   0   0.80330  0.8000
   0   1.17479  0.8000
   0  -0.66918  0.8000
   0   0.46563  0.8000
   0   0.15730  0.8000
   0  -0.42126  0.8000
   0   0.92811  0.8000
   0  -1.01922  0.8000
   0  -0.50535  0.8000
   0   0.91029  0.8000
   0   0.46495  0.8000
   0  -1.00085  0.8000
   0  -0.49307  0.8000
   0  -0.48506  0.8000
   0   0.22613  0.8000
   0  -0.22678  0.8000
   1 103.11359  0.8000
   0   0.42967  0.8000
   0  -0.19230  0.8000
   0  -0.49990  0.8000
   0  -0.28212  0.8000
   0   0.38604  0.8000
   0   0.20599  0.8000
   0  -0.29685  0.8000
   1 122.04523  0.8000
   1 160.24034  0.8000
   0  -0.04403  0.8000
   0  -0.10840  0.8000
   0  -1.07209  0.8000
   0  -0.55016  0.8000
   1  80.81135  0.8000
   1 104.28835  0.8000
   1 127.08133  0.8000
   0  -0.38860  0.8000
   0  -0.24154  0.8000
   0   0.05236  0.8000
   0  -0.22386  0.8000
   0   0.43043  0.8000
   0  -0.85865  0.8000
   0   1.20740  0.8000
   0  -0.08701  0.8000
   1  61.46322  0.8000
   0  -0.04688  0.8000
   1  67.62749  0.8000
   0   0.59574  0.8000
   1  65.64284  0.8000
   0  -0.27669  0.8000
   0   1.20383  0.8000
   1  64.63471  0.8000
   0  -0.81109  0.8000
   0  -0.29263  0.8000
   0   0.42173  0.8000
   0   1.35563  0.8000
   0   0.48442  0.8000
   1 101.30458  0.8000
   0  -0.03411  0.8000
   1  72.96836  0.8000
   1  74.23474  0.8000
   1  92.19037  0.8000
   1  81.62496  0.8000
   0  -0.04673  0.8000
   0  -0.27578  0.8000
   0  -0.98078  0.8000
   0   0.34063  0.8000
   0  -0.75274  0.8000
   0  -0.60411  0.8000
   0  -1.52690  0.8000
   0  -0.98564  0.8000
   0   1.03247  0.8000
   0  -0.47835  0.8000
   0  -0.83893  0.8000
   0  -0.78397  0.8000
   0  -0.35381  0.8000
   0  -1.09042  0.8000
   0  -0.63556  0.8000
   0  -0.53103  0.8000
   0  -0.10185  0.8000
   0   0.42341  0.8000
   0  -0.07805  0.8000
   0  -0.58279  0.8000
   0  -1.66248  0.8000
   0   0.58348  0.8000
   0   0.01921  0.8000
   0  -0.39051  0.8000
   0   0.75673  0.8000
   0  -0.22081  0.8000
   0  -0.25938  0.8000
   0  -0.36594  0.8000
   0   0.12136  0.8000
   0   0.46978  0.8000
   0   1.40578  0.8000
   0   0.00683  0.8000
   0  -0.56015  0.8000
   0   0.92278  0.8000
   0  -0.23964  0.8000
   0   1.15576  0.8000
   0  -0.14547  0.8000
   0  -0.43662  0.8000
   0  -0.13143  0.8000
   0  -0.73383  0.8000
   0  -0.50784  0.8000
   0  -1.37930  0.8000
   0  -0.45927  0.8000
   0  -0.37550  0.8000
   0  -1.07422  0.8000
   0  -0.21237  0.8000
   0  -0.76508  0.8000
   0  -0.59712  0.8000
   0   0.38383  0.8000
   0   0.23677  0.8000
   0  -1.32184  0.8000
   0   1.81505  0.8000
   0   0.74412  0.8000
   0  -0.01551  0.8000
   0   0.20622  0.8000
   0  -0.16081  0.8000
   0   0.64720  0.8000
   0   0.72451  0.8000
   0  -0.17330  0.8000
   0  -0.44432  0.8000
   0  -0.31477  0.8000
   0  -0.74551  0.8000
   0   0.12640  0.8000
   0  -0.28699  0.8000
   0  -0.40739  0.8000
   0   1.21037  0.8000
   0  -0.82434  0.8000
   0   0.42386  0.8000
   0  -0.51379  0.8000
   0  -0.63760  0.8000
   0  -0.61485  0.8000
   0   0.07699  0.8000
   0   0.55921  0.8000
   0   0.30543  0.8000
   0  -0.97502  0.8000
   0  -0.54704  0.8000
   0  -0.02978  0.8000
   0   0.39145  0.8000
   0  -0.89976  0.8000
   0  -0.40695  0.8000
   0  -0.52695  0.8000
   0   1.55213  0.8000
   0  -0.57816  0.8000
   0   0.24609  0.8000
   0  -0.47451  0.8000
   0   0.09515  0.8000
   0  -0.75588  0.8000
   0   0.28651  0.8000
   0   0.21248  0.8000
   0  -0.67483  0.8000
   0  -0.03296  0.8000
   0   0.68333  0.8000
   0  -1.39547  0.8000
   0  -0.09252  0.8000
   0   0.35584  0.8000
   0   0.42261  0.8000
   1  34.77196  0.8000
   0   0.09334  0.8000
   0  -0.15032  0.8000
   0  -0.64241  0.8000
   0  -0.56845  0.8000
   0   0.29008  0.8000
   0   1.29218  0.8000
   0  -0.02582  0.8000
   0   0.18245  0.8000
   0   1.26021  0.8000
   1  38.21959  0.8000
   0  -0.14771  0.8000
   0  -0.69829  0.8000
   0  -0.03587  0.8000
   0   1.25281  0.8000
   0  -0.57684  0.8000
   0  -1.20149  0.8000
   0   1.32399  0.8000
   1  36.25379  0.8000
   0  -0.92020  0.8000
   0   0.15583  0.8000
   0  -0.18702  0.8000
   0  -0.65853  0.8000
   0  -0.38774  0.8000
   0   0.73118  0.8000
   0   0.88727  0.8000
   0   0.33560  0.8000
   0   0.21036  0.8000
   0   0.18528  0.8000
   0   1.25361  0.8000
   0  -0.26332  0.8000
   0   0.34334  0.8000
   0  -0.13583  0.8000
   0  -0.35906  0.8000
   0  -0.95640  0.8000
   0  -0.37134  0.8000
   0   0.00167  0.8000
   0  -0.99932  0.8000
   0   0.94664  0.8000
   0  -1.04901  0.8000
   0  -0.13794  0.8000
   0   0.54035  0.8000
   0  -0.21919  0.8000
   0   1.43681  0.8000
   0   0.58645  0.8000
   0  -0.21417  0.8000
   0  -0.31685  0.8000
   0   0.55489  0.8000
   1  31.62148  0.8000
   0  -0.32781  0.8000
   0   0.02676  0.8000
   0  -0.99117  0.8000
   0   0.53636  0.8000
   0  -2.22709  0.8000
   0  -0.73634  0.8000
   0  -1.24995  0.8000
   0  -1.11508  0.8000
   0   0.04799  0.8000
   0  -1.62903  0.8000
   0   1.24192  0.8000
   0   0.14289  0.8000
   1  40.15611  0.8000
   0   0.39536  0.8000
   0   0.26490  0.8000
   0   0.76156  0.8000
   0  -1.40137  0.8000
   0   0.29089  0.8000
   0  -1.16428  0.8000
   0  -0.63602  0.8000
   0  -0.39068  0.8000
   0  -0.36599  0.8000
   0   0.27254  0.8000
   0   1.23083  0.8000
   0   0.35238  0.8000
   0   0.05932  0.8000
   0  -0.20447  0.8000
   0   0.15792  0.8000
   1  36.61758  0.8000
   0   0.46421  0.8000
   0   0.05719  0.8000
   0  -1.33678  0.8000
   0   1.57971  0.8000
   0   0.77724  0.8000
   0   0.02211  0.8000
   0   1.67146  0.8000
   0  -0.38943  0.8000
   0  -0.20266  0.8000
   0   0.57512  0.8000
   0   0.93185  0.8000
   0  -0.37757  0.8000
   0   0.50748  0.8000
   0  -1.07413  0.8000
   0   0.69059  0.8000
   0   0.69684  0.8000
   0   0.48635  0.8000
   0   0.22563  0.8000
   0   0.07438  0.8000
   0   1.16693  0.8000
   0   0.35913  0.8000
   0   0.47627  0.8000
   0   0.22154  0.8000
   0   0.26792  0.8000
   0  -0.18485  0.8000
   0  -0.02405  0.8000
   0   0.38102  0.8000
   0   0.30311  0.8000
   0  -0.90954  0.8000
   1 140.35450  0.8000
   0  -1.52355  0.8000
   0  -1.23747  0.8000
   1  82.86257  0.8000
   1 109.39982  0.8000
   1  65.84124  0.8000
   1  91.91719  0.8000
   1  34.30226  0.8000
   1  92.27204  0.8000
   0  -1.51774  0.8000
   1 145.74822  0.8000
   1  27.59062  0.8000
   1  66.20539  0.8000
   1  35.89692  0.8000
   0   0.28520  0.8000
   0   0.52443  0.8000
   1  73.60052  0.8000
   0  -0.22491  0.8000
   1  66.43011  0.8000
   0  -1.69276  0.8000
   0  -0.72784  0.8000
   0   0.36687  0.8000
   1  52.42811  0.8000
   0  -2.04181  0.8000
   1  36.04275  0.8000
   0  -1.19181  0.8000
   1  37.50054  0.8000
   0   0.11465  0.8000
   0  -0.16494  0.8000
   1  38.20676  0.8000
   1 115.33333  0.8000
   0  -0.36942  0.8000
   0   0.75038  0.8000
   0  -1.42725  0.8000
   1  88.84916  0.8000
   0  -0.18650  0.8000
   0   0.65274  0.8000
   1  33.13713  0.8000
   0  -0.80886  0.8000
   1  57.11786  0.8000
   0  -1.29702  0.8000
   0  -0.18029  0.8000
   0   0.29553  0.8000
   0  -0.96575  0.8000
   1  40.16197  0.8000
   0   1.07635  0.8000
   0   0.38557  0.8000
   0  -0.50757  0.8000
   0  -1.14630  0.8000
   0   0.43390  0.8000
   0   1.81263  0.8000
   1  31.17223  0.8000
   0   0.09380  0.8000
   0   0.35659  0.8000
   0   0.91427  0.8000
   0  -0.16751  0.8000
   0   0.66397  0.8000
   0   0.41874  0.8000
   0  -1.37621  0.8000
   0  -0.44203  0.8000
   0  -0.04194  0.8000
   0   0.16150  0.8000
   0   0.60374  0.8000
   1  36.03313  0.8000
   0  -0.08275  0.8000
   0  -0.82944  0.8000
   0  -0.64632  0.8000
   0   1.42818  0.8000
   0   0.51570  0.8000
   0  -0.83471  0.8000
   0  -0.24789  0.8000
   0  -0.35053  0.8000
   0   0.07225  0.8000
   0   2.52178  0.8000
   0   0.49924  0.8000
   0  -0.88266  0.8000
   1  44.06902  0.8000
   0  -0.80134  0.8000
   0   0.78597  0.8000
   0  -1.84635  0.8000
   0   0.96403  0.8000
   0  -0.25617  0.8000
   0   1.02898  0.8000
   0  -0.53509  0.8000
   0  -0.85030  0.8000
   0   1.24086  0.8000
   0   0.01123  0.8000
   0   0.05146  0.8000
   0   0.04221  0.8000
   0  -1.35765  0.8000
   0   0.95690  0.8000
   0   0.35849  0.8000
   1  40.85360  0.8000
   0   0.36513  0.8000
   0   0.38589  0.8000
   0  -0.46020  0.8000
   0   0.45719  0.8000
   1  48.30683  0.8000
   0   1.44313  0.8000
   0  -0.18770  0.8000
   0  -0.12267  0.8000
   0   0.92806  0.8000
   0   1.16360  0.8000
   0  -0.57672  0.8000
   0  -0.98751  0.8000
   0  -0.40556  0.8000
   0   0.91015  0.8000
   0  -0.51048  0.8000
   0   0.28713  0.8000
   0   1.53367  0.8000
   0  -0.03050  0.8000
   0   1.13549  0.8000
   0   0.27583  0.8000
   0  -0.62967  0.8000
   0  -1.19921  0.8000
   0   0.23857  0.8000
   0  -1.11849  0.8000
   0   0.28722  0.8000
   0  -1.04440  0.8000
   0  -0.04181  0.8000
   0   0.79684  0.8000
   0  -0.96886  0.8000
   0   0.49145  0.8000
   0  -0.13816  0.8000
   0  -0.30922  0.8000
   0   0.42140  0.8000
   0   0.49580  0.8000
   0  -0.31092  0.8000
   0  -0.09840  0.8000
   0   0.19762  0.8000
   0   0.83104  0.8000
   0  -0.10586  0.8000
   0   0.26659  0.8000
   0  -0.63868  0.8000
   0   1.02355  0.8000
   0  -1.40316  0.8000
   0   0.62439  0.8000
   0  -0.27687  0.8000
   0  -0.57145  0.8000
   0   0.38047  0.8000
   0   1.25654  0.8000
   0   0.17694  0.8000
   0  -0.28607  0.8000
   0   1.31103  0.8000
   0   0.85806  0.8000
   0  -1.21842  0.8000
   0  -0.14925  0.8000
   0   0.26799  0.8000
   0  -0.31389  0.8000
   0  -0.86497  0.8000
   0  -0.47803  0.8000
   0  -0.54901  0.8000
   0   0.19260  0.8000
   0   0.07910  0.8000
   0  -0.22173  0.8000
   0   1.57768  0.8000
   0  -0.17233  0.8000
   0  -0.16620  0.8000
   0  -1.11417  0.8000
   0   0.85053  0.8000
   0  -0.68811  0.8000
   0   0.35793  0.8000
   0   1.08425  0.8000
   0   0.44044  0.8000
   0   0.95932  0.8000
   0  -0.43244  0.8000
   0  -1.29038  0.8000
   0  -0.33833  0.8000
   0  -1.04502  0.8000
   0   0.81746  0.8000
   0  -0.41152  0.8000
   0   0.15274  0.8000
   0   0.71386  0.8000
   0   1.06251  0.8000
   0  -1.41757  0.8000
   0   0.96578  0.8000
   0  -0.82475  0.8000
   0  -1.45424  0.8000
   0  -0.17824  0.8000
   0   0.96206  0.8000
   0   0.31219  0.8000
   0  -0.36517  0.8000
   0   0.78528  0.8000
   0   1.71651  0.8000
   0   0.65326  0.8000
   0   0.07036  0.8000
   1 205.75478  0.8000
   0  -0.32411  0.8000
   1 198.67802  0.8000
   1  55.00997  0.8000
   1 134.50576  0.8000
   1  79.08417  0.8000
   0  -0.29403  0.8000
   1  35.47584  0.8000
   1 144.78702  0.8000
   1 198.95198  0.8000
   1 102.90759  0.8000
   1 191.03628  0.8000
   0   0.31775  0.8000
   0   0.98956  0.8000
   0   0.90172  0.8000
   1  82.98116  0.8000
   1  56.00401  0.8000
   0  -0.07635  0.8000
   1 124.36701  0.8000
   1 157.29182  0.8000
   1 114.43931  0.8000
   1 158.48923  0.8000
   0  -0.12975  0.8000
   1 162.82800  0.8000
   0  -0.98528  0.8000
   0  -0.54417  0.8000
   0   0.46871  0.8000
   1  47.62316  0.8000
   0  -0.28458  0.8000
   0   0.93563  0.8000
   0   0.28987  0.8000
   0   0.21114  0.8000
   0  -0.86704  0.8000
   0   1.31816  0.8000
   0  -1.89439  0.8000
   0  -0.96085  0.8000
   1 125.26864  0.8000
   0   1.24200  0.8000
   0   0.06751  0.8000
   0  -0.61034  0.8000
   0   0.78420  0.8000
   0   0.60601  0.8000
   0   1.09449  0.8000
   0   0.99821  0.8000
   0  -0.24662  0.8000
   0  -0.99600  0.8000
   0   0.07273  0.8000
   0   1.87437  0.8000
   0  -0.02310  0.8000
   0  -1.56608  0.8000
   0  -0.29652  0.8000
   1  90.12378  0.8000
   0  -1.55688  0.8000
   0   0.95250  0.8000
   0  -0.86134  0.8000
   1  91.37054  0.8000
   0   0.02462  0.8000
   0   0.32337  0.8000
   1 137.97822  0.8000
   0  -0.30190  0.8000
   0   0.42678  0.8000
   1  94.52549  0.8000
   1 107.25523  0.8000
   1 150.92473  0.8000
   1  91.77800  0.8000
   1  56.29929  0.8000
   1  59.03426  0.8000
   0  -0.45981  0.8000
   0   1.01065  0.8000
   1  64.64460  0.8000
   0   0.08425  0.8000
   0   0.45484  0.8000
   1  74.56075  0.8000
   0  -0.37902  0.8000
   0  -0.55755  0.8000
   0  -0.06832  0.8000
   0  -0.31696  0.8000
   1 139.21444  0.8000
   0  -0.52754  0.8000
   0   1.34655  0.8000
   0  -0.46141  0.8000
   0   0.01441  0.8000
   1  70.89151  0.8000
   0  -0.11335  0.8000
   1  73.86522  0.8000
   0  -0.93538  0.8000
   0  -0.90317  0.8000
   1  82.94306  0.8000
   1  91.63551  0.8000
   0  -0.00128  0.8000
   0  -0.27188  0.8000
   0   0.30011  0.8000
   1  83.95564  0.8000
   1  73.65890  0.8000
   0   0.57134  0.8000
   0  -0.22539  0.8000
   0   0.31750  0.8000
   1  33.67376  0.8000
   1 109.28849  0.8000
   0   0.16969  0.8000
   0  -0.40545  0.8000
   0  -0.86128  0.8000
   0  -1.00283  0.8000
   0  -0.29432  0.8000
   0   0.26844  0.8000
   0   0.51142  0.8000
   0   0.05069  0.8000
   0  -0.95826  0.8000
   0   0.44199  0.8000
   0   0.18134  0.8000
   0  -1.21475  0.8000
   0  -0.00657  0.8000
   0  -0.56780  0.8000
   0   0.03332  0.8000
   0   0.14536  0.8000
   0  -0.08337  0.8000
   0  -0.51641  0.8000
   0   0.40785  0.8000
   0  -0.55189  0.8000
   0  -0.38096  0.8000
   0   0.40895  0.8000
   0  -0.73812  0.8000
   0  -0.35666  0.8000
   0   0.99310  0.8000
   0  -0.98262  0.8000
   0   0.15684  0.8000
   0   0.63810  0.8000
   0   1.70165  0.8000
   0   0.78177  0.8000
   0  -1.19157  0.8000
   0   0.63481  0.8000
   0  -0.34978  0.8000
   0  -0.39430  0.8000
   0   0.27155  0.8000
   0  -0.32740  0.8000
   0  -0.54849  0.8000
   0  -0.06567  0.8000
   0   0.38717  0.8000
   0  -0.31862  0.8000
   0   0.05543  0.8000
   0  -1.27416  0.8000
   0   0.91922  0.8000
   0   0.14538  0.8000
   0   0.85494  0.8000
   1  55.65872  0.8000
   0  -0.32728  0.8000
   0  -0.51037  0.8000
   0   1.09132  0.8000
   0   1.14132  0.8000
   0  -0.71370  0.8000
   0  -0.60104  0.8000
   1  42.16623  0.8000
   0  -0.64261  0.8000
   0  -0.74026  0.8000
   0   0.94355  0.8000
   0   0.89230  0.8000
   0   0.66482  0.8000
   0  -0.36125  0.8000
   0  -0.05858  0.8000
   0   0.85240  0.8000
   0  -1.11555  0.8000
   0   0.06049  0.8000
   0  -0.42822  0.8000
   0   1.02419  0.8000
   0   0.19842  0.8000
   0   0.90152  0.8000
   0   0.53493  0.8000
   0  -0.25014  0.8000
   0   0.97611  0.8000
   0   0.10533  0.8000
   0   0.28425  0.8000
   0  -0.69611  0.8000
   0  -0.57738  0.8000
   0   1.76822  0.8000
   0   0.39028  0.8000
   0  -0.91918  0.8000
   0  -0.87375  0.8000
   0  -0.03758  0.8000
   0   1.24957  0.8000
   1  84.47705  0.8000
   0  -1.40172  0.8000
   0   0.66802  0.8000
   0  -0.46026  0.8000
   0  -0.72176  0.8000
   0   0.25740  0.8000
   1  96.28671  0.8000
   1 151.74390  0.8000
   0  -0.27918  0.8000
   0  -1.05500  0.8000
   0   1.10811  0.8000
   0   0.21697  0.8000
   1  64.49770  0.8000
   1  79.16042  0.8000
   0   1.40130  0.8000
   0  -0.47695  0.8000
   0  -0.41889  0.8000
   0  -2.02836  0.8000
   1  50.32498  0.8000
   1 124.56279  0.8000
   0  -0.63262  0.8000
   0  -1.00616  0.8000
   1 108.61747  0.8000
   1  49.74075  0.8000
   0  -0.11399  0.8000
   1  49.81668  0.8000
   0  -0.27129  0.8000
   1  46.93489  0.8000
   0   0.01812  0.8000
   0  -0.37629  0.8000
   1  43.85863  0.8000
   0   0.13618  0.8000
   0  -0.38542  0.8000
   0  -0.62420  0.8000
   0   1.56490  0.8000
   0  -0.62913  0.8000
   1  83.23708  0.8000
   0   0.36922  0.8000
   1  49.77447  0.8000
   0   0.74676  0.8000
   1  82.53957  0.8000
   0   0.03994  0.8000
   0  -0.71306  0.8000
   0  -0.99957  0.8000
   1 146.20266  0.8000
   0  -0.76283  0.8000
   0   1.33295  0.8000
   0  -0.56598  0.8000
   0   0.56546  0.8000
   0   0.04245  0.8000
   0   0.38546  0.8000
   0  -0.79150  0.8000
   0   1.48590  0.8000
   0  -0.69606  0.8000
   0  -1.10086  0.8000
   0  -0.20425  0.8000
   1 109.57886  0.8000
   0  -0.38599  0.8000
   0  -0.40461  0.8000
   0   0.28951  0.8000
   0  -0.73569  0.8000
   0   0.39052  0.8000
   0  -0.24304  0.8000
   0  -0.60569  0.8000
   0   0.06975  0.8000
   0  -1.45783  0.8000
   0  -0.63266  0.8000
   0  -0.46849  0.8000
   0  -0.52552  0.8000
   1  99.02094  0.8000
   0   1.04448  0.8000
   0   1.57585  0.8000
   1  38.89673  0.8000
   0   0.42439  0.8000
   0  -0.29152  0.8000
   0  -2.30835  0.8000
   0   0.70299  0.8000
   0  -0.80515  0.8000
   1  65.31149  0.8000
   0  -0.43200  0.8000
   1  45.84864  0.8000
   1  57.84079  0.8000
   0   1.90806  0.8000
   1  98.51263  0.8000
   0   1.65447  0.8000
   0  -0.48662  0.8000
   0  -1.14758  0.8000
   0  -1.20691  0.8000
   0  -1.55891  0.8000
   1 136.51825  0.8000
   0   0.40101  0.8000
   0  -1.51425  0.8000
   0   1.44157  0.8000
   0  -1.40152  0.8000
   0  -1.20668  0.8000
   0  -0.66928  0.8000
   0  -0.86082  0.8000
   0  -0.83417  0.8000
   0  -0.12945  0.8000
   1 131.86600  0.8000
   1 140.44493  0.8000
   0   0.67624  0.8000
   0   0.39406  0.8000
   0   1.58594  0.8000
   0  -0.47701  0.8000
   0   0.55259  0.8000
   0  -0.17436  0.8000
   0   0.65601  0.8000
   0   0.74637  0.8000
   0  -0.09064  0.8000
   0  -0.87748  0.8000
   0  -0.14005  0.8000
   0  -0.46129  0.8000
   0   2.21606  0.8000
   0  -0.02460  0.8000
   0  -0.60581  0.8000
   0  -1.44280  0.8000
   0   1.70362  0.8000
   0   0.66720  0.8000
   0  -0.73440  0.8000
   0  -0.98953  0.8000
   0   0.54594  0.8000
   0   0.35002  0.8000
   0  -1.42864  0.8000
   0   0.38548  0.8000
   0  -0.55012  0.8000
   0   0.41318  0.8000
   0  -0.52408  0.8000
   0   0.74264  0.8000
   1 152.21799  0.8000
   1  99.14561  0.8000
   0   0.17680  0.8000
   0  -0.06513  0.8000
   0  -0.24168  0.8000
   1  88.16002  0.8000
   0  -0.00444  0.8000
   1  97.05575  0.8000
   0  -0.23761  0.8000
   0   1.66866  0.8000
   0  -0.78615  0.8000
   1  83.91938  0.8000
   1 128.62450  0.8000
   1 228.07230  0.8000
   0  -0.71083  0.8000
   1  71.74899  0.8000
   0  -0.79193  0.8000
   0  -0.08813  0.8000
   1  82.87697  0.8000
   0  -0.34070  0.8000
   1  73.87542  0.8000
   0  -0.01763  0.8000
   0  -0.07607  0.8000
   1  70.21948  0.8000
   1 179.73202  0.8000
   0  -1.30200  0.8000
   0   0.24939  0.8000
   0  -0.13248  0.8000
   0   0.02771  0.8000
   1  84.54965  0.8000
   0   1.32185  0.8000
   1  64.26327  0.8000
   1  55.36226  0.8000
   1 121.62926  0.8000
   1  42.35228  0.8000
   0  -0.02082  0.8000
   0   0.37050  0.8000
   1 128.89837  0.8000
   0   0.88407  0.8000
   0  -0.73545  0.8000
   0   1.59859  0.8000
   0  -0.38559  0.8000
   0   0.81163  0.8000
   0   0.05844  0.8000
   0  -0.28073  0.8000
   0  -0.02266  0.8000
   0  -0.10325  0.8000
   0   1.59826  0.8000
   0   0.44392  0.8000
   0   0.04096  0.8000
   0   0.19739  0.8000
   0   1.21879  0.8000
   0  -1.20540  0.8000
   0  -0.22018  0.8000
   1 124.14297  0.8000
   0  -0.28995  0.8000
   0  -0.09041  0.8000
   0  -0.60454  0.8000
   0  -0.00798  0.8000
   0   0.73121  0.8000
   0  -0.68264  0.8000
   0  -1.03451  0.8000
   1  77.95226  0.8000
   1  32.07779  0.8000
   0  -0.65406  0.8000
   1  58.29739  0.8000
   1  89.44230  0.8000
   0   0.96118  0.8000
   1  56.10094  0.8000
   1 135.28910  0.8000
   0   0.27814  0.8000
   0   0.46757  0.8000
   0  -1.12458  0.8000
   0   0.06676  0.8000
   1  77.01750  0.8000
   0   0.16369  0.8000
   1  83.69739  0.8000
   1 102.12224  0.8000
   0  -1.88283  0.8000
   0   1.26471  0.8000
   0  -0.66311  0.8000
   1 109.00898  0.8000
   1 115.44830  0.8000
   0  -0.92569  0.8000
   1 115.60328  0.8000
   0  -0.24599  0.8000
   0  -1.19923  0.8000
   0   0.76911  0.8000
   0  -0.63390  0.8000
   0  -0.60381  0.8000
   1  74.98984  0.8000
   0  -0.81392  0.8000
   0   0.31350  0.8000
   1 122.11245  0.8000
   1  69.36265  0.8000
   1 131.70338  0.8000
   0   0.07526  0.8000
   0  -0.23198  0.8000
   0   0.66072  0.8000
   0  -0.61905  0.8000
   0   0.52785  0.8000
   0  -1.27184  0.8000
   0   1.84265  0.8000
   0   1.17239  0.8000
   0   0.20470  0.8000
   0  -0.33665  0.8000
   0   0.14387  0.8000
   0   1.08112  0.8000
   0   0.36907  0.8000
   0  -1.00544  0.8000
   0  -1.09867  0.8000
   0   0.07882  0.8000
   0  -0.57035  0.8000
   0   0.04526  0.8000
   0  -0.21557  0.8000
   0  -0.66616  0.8000
   0   0.46453  0.8000
   0  -0.38281  0.8000
   0  -0.32427  0.8000
   0   0.21060  0.8000
   0   0.53266  0.8000
   0   0.47629  0.8000
   0  -0.27388  0.8000
   0   1.00193  0.8000
   1  69.26322  0.8000
   0   0.07782  0.8000
   1 133.09509  0.8000
   0   0.44903  0.8000
   1  90.67651  0.8000
   1  41.91606  0.8000
   1  60.49885  0.8000
   0  -0.80110  0.8000
   0  -0.87535  0.8000
   1 109.73620  0.8000
   1  52.96079  0.8000
   1 150.57452  0.8000
   0   0.46488  0.8000
   1  52.71428  0.8000
   0  -0.99109  0.8000
   0   0.64026  0.8000
   0   0.26914  0.8000
   0   1.04011  0.8000
   1  31.21449  0.8000
   0   0.73005  0.8000
   0  -0.19820  0.8000
   1  37.71255  0.8000
   1  98.57938  0.8000
   0   0.47514  0.8000
   0   0.28761  0.8000
   0   0.47933  0.8000
   1  73.30810  0.8000
   0  -0.39795  0.8000
   0  -0.68478  0.8000
   0   1.17541  0.8000
   0  -1.03406  0.8000
   0   0.19259  0.8000
   1  58.68389  0.8000
   0  -2.00944  0.8000
   0  -0.55155  0.8000
   1 138.91722  0.8000
   0  -0.77892  0.8000
   0   0.49227  0.8000
   0   0.55712  0.8000
   0   0.08543  0.8000
   0  -0.15813  0.8000
   0  -0.16451  0.8000
   0  -0.91853  0.8000
   0  -0.14324  0.8000
   0  -1.03402  0.8000
   0   0.79637  0.8000
   0  -0.80753  0.8000
   0   0.87836  0.8000
   0   0.26416  0.8000
   0  -1.24552  0.8000
   0  -0.00021  0.8000
   0  -0.56701  0.8000
   1 127.46414  0.8000
   0   1.02937  0.8000
   0   0.27313  0.8000
   0   0.29251  0.8000
   0   0.49985  0.8000
   0  -0.50155  0.8000
   0   0.26637  0.8000
   0  -0.21041  0.8000
   0   1.53194  0.8000
   0  -0.14715  0.8000
   0  -0.29936  0.8000
   1  67.45261  0.8000
   1  80.35265  0.8000
   0  -0.86728  0.8000
   1  70.45826  0.8000
   0  -1.28358  0.8000
   0  -0.57575  0.8000
   0   0.07073  0.8000
   1 178.44865  0.8000
   1  34.14262  0.8000
   1  84.83087  0.8000
   0   2.49380  0.8000
   1  92.86659  0.8000
   1  86.92926  0.8000
   1 183.53395  0.8000
   1  94.33104  0.8000
   0  -1.51719  0.8000
   1  99.21147  0.8000
   0  -0.66515  0.8000
   0   0.29434  0.8000
   1 107.11594  0.8000
   1  30.12076  0.8000
   0  -0.84312  0.8000
   0  -0.47906  0.8000
   0  -0.46854  0.8000
   1 130.55945  0.8000
   1  73.24661  0.8000
   0   0.73299  0.8000
   1 106.35137  0.8000
   1 115.97595  0.8000
   1  51.24009  0.8000
   1 126.23072  0.8000
   0  -0.27297  0.8000
   1  43.95063  0.8000
   0  -0.35294  0.8000
   0  -1.46813  0.8000
   0  -0.23346  0.8000
   0   0.25300  0.8000
   0  -0.05399  0.8000
   0   0.34285  0.8000
   0  -0.39631  0.8000
   0  -0.08917  0.8000
   0   0.60291  0.8000
   0  -0.48796  0.8000
   0   0.66793  0.8000
   0   0.10484  0.8000
   0  -0.04341  0.8000
   0   1.78700  0.8000
   0  -0.17354  0.8000
   0   0.00485  0.8000
   0  -1.49856  0.8000
   0   0.05093  0.8000
   0  -0.88927  0.8000
   0  -0.30634  0.8000
   0   0.72536  0.8000
   0  -0.32759  0.8000
   0   0.69558  0.8000
   0   0.80872  0.8000
   0  -0.62124  0.8000
   0   0.73905  0.8000
   0   0.01484  0.8000
   0   1.00915  0.8000
   0   0.03518  0.8000
   0  -0.29236  0.8000
   0   0.76248  0.8000
   0   0.30319  0.8000
   0   0.07018  0.8000
   0  -0.91638  0.8000
   0  -0.02942  0.8000
   0   1.63210  0.8000
   0   0.70404  0.8000
   0  -1.41088  0.8000
   0  -0.25003  0.8000
   0   0.99572  0.8000
   0  -0.76358  0.8000
   0  -2.53483  0.8000
   0   2.02223  0.8000
   1  32.58525  0.8000
   0  -0.97670  0.8000
   0  -0.04279  0.8000
   0   0.00227  0.8000
   0   0.22044  0.8000
   0   0.68194  0.8000
   0   1.01202  0.8000
   0   0.00015  0.8000
   0   0.32351  0.8000
   0  -0.45790  0.8000
   0   0.12931  0.8000
   0  -0.46201  0.8000
   0  -1.45707  0.8000
   0  -1.09963  0.8000
   0  -0.15982  0.8000
   0  -0.29995  0.8000
   0   0.45370  0.8000
   0  -0.84968  0.8000
   0   1.05257  0.8000
   0   0.00032  0.8000
   0   0.17419  0.8000
   0  -0.20109  0.8000
   0  -1.00174  0.8000
   0  -0.15388  0.8000
   0   0.12955  0.8000
   0  -0.19894  0.8000
   0  -0.01503  0.8000
   0  -0.13227  0.8000
   0  -0.34035  0.8000
   0   0.04181  0.8000
   0   1.11241  0.8000
   0  -1.06864  0.8000
   0  -0.58308  0.8000
   0  -1.38762  0.8000
   0  -0.62237  0.8000
   0   0.36928  0.8000
   0  -0.95271  0.8000
   0  -0.69373  0.8000
   0   0.16205  0.8000
   0   0.71160  0.8000
   0  -0.52454  0.8000
   0  -0.18492  0.8000
   0  -0.07533  0.8000
   0   1.09082  0.8000
   0  -0.01500  0.8000
   0  -0.23908  0.8000
   0   0.34369  0.8000
   0   0.12140  0.8000
   0  -0.07284  0.8000
   0   0.18338  0.8000
   0   0.00947  0.8000
   0   0.11763  0.8000
   0  -0.12816  0.8000
   0   1.28972  0.8000
   1  81.90041  0.8000
   0   0.50397  0.8000
   0  -0.07340  0.8000
   1 139.00823  0.8000
   1 153.85558  0.8000
   1 120.42533  0.8000
   0   0.68947  0.8000
   0   0.74891  0.8000
   1 165.17901  0.8000
   0  -1.29939  0.8000
   0  -0.49624  0.8000
   1 170.20688  0.8000
   1  37.15620  0.8000
   0  -0.67032  0.8000
   0  -1.51566  0.8000
   0  -0.13094  0.8000
   0  -1.91744  0.8000
   1 130.68520  0.8000
   0   0.65694  0.8000
   0   1.01657  0.8000
   0  -0.04206  0.8000
   0   0.34697  0.8000
   0   0.53898  0.8000
   0  -0.75611  0.8000
   0   0.26833  0.8000
   0  -0.59808  0.8000
   0  -1.36041  0.8000
   0   0.79380  0.8000
   0   0.34601  0.8000
   0   0.10885  0.8000
   0   0.00507  0.8000
   0   1.24059  0.8000
   0  -0.24771  0.8000
   0   0.40568  0.8000
   0   0.89084  0.8000
   0  -0.17424  0.8000
   0   1.27077  0.8000
   0  -0.40660  0.8000
   0  -0.38908  0.8000
   0   0.63125  0.8000
   0  -1.06499  0.8000
   0   1.61200  0.8000
   1  62.59360  0.8000
   0   0.69499  0.8000
   0   0.22928  0.8000
   0   1.53939  0.8000
   0  -0.69631  0.8000
   0  -0.06319  0.8000
   0   0.23217  0.8000
   0   0.22754  0.8000
   0  -0.63824  0.8000
   0  -0.11414  0.8000
   0  -0.81448  0.8000
   0   0.33109  0.8000
   0  -1.35648  0.8000
   1  77.44143  0.8000
   1  47.13455  0.8000
   1  53.83928  0.8000
   0  -0.06658  0.8000
   1  58.23060  0.8000
   0  -0.92416  0.8000
   1  63.63547  0.8000
   1 161.40095  0.8000
   0  -0.71380  0.8000
   1  53.61014  0.8000
   0  -0.01652  0.8000
   0   0.18036  0.8000
   0  -0.84488  0.8000
   0  -0.54746  0.8000
   0   0.49080  0.8000
   0   0.78764  0.8000
   0  -0.56297  0.8000
   0  -1.21379  0.8000
   1 108.61597  0.8000
   0   0.16975  0.8000
   0   0.09504  0.8000
   0  -0.02271  0.8000
   1  67.99183  0.8000
   0  -0.60279  0.8000
   0  -0.40055  0.8000
   0   1.14047  0.8000
   0   0.03964  0.8000
   1  35.15660  0.8000
   1  46.38459  0.8000
   0  -0.25007  0.8000
   0  -0.47722  0.8000
   0  -0.00677  0.8000
   0   0.00408  0.8000
   0  -0.23576  0.8000
   0  -0.22558  0.8000
   0  -0.08437  0.8000
   0  -0.11789  0.8000
   0   0.47137  0.8000
   0   0.28056  0.8000
   0  -0.82106  0.8000
   0   0.50210  0.8000
   0  -1.59434  0.8000
   0   0.32771  0.8000
   0   0.12387  0.8000
   0  -0.06430  0.8000
   0   0.77499  0.8000
   0   0.60785  0.8000
   0   0.48402  0.8000
   0   0.14833  0.8000
   0  -0.69565  0.8000
   0   1.23568  0.8000
   0  -1.35831  0.8000
   0   1.39660  0.8000
   0  -0.63223  0.8000
   0  -0.11548  0.8000
   0  -0.87120  0.8000
   0  -0.16902  0.8000
   0  -0.87755  0.8000
   0   1.60677  0.8000
   0  -0.67389  0.8000
   0  -0.65029  0.8000
   0   0.22412  0.8000
   1  96.69466  0.8000
   0   0.27476  0.8000
   0  -0.98977  0.8000
   0   0.13345  0.8000
   1  68.25029  0.8000
   1 130.19825  0.8000
   0   0.41255  0.8000
   0   0.46495  0.8000
   1  78.10889  0.8000
   1  89.70421  0.8000
   0   1.77827  0.8000
   1  70.41817  0.8000
   0  -0.38906  0.8000
   0   0.57463  0.8000
   0  -1.46128  0.8000
   0  -1.09962  0.8000
   0  -0.52755  0.8000
   0   1.19721  0.8000
   0  -0.89376  0.8000
   0  -0.84986  0.8000
   0  -1.07842  0.8000
   0   0.06686  0.8000
   1  87.22177  0.8000
   0   0.42460  0.8000
   0  -1.50806  0.8000
   0   0.80641  0.8000
   1 111.94894  0.8000
   0  -0.30023  0.8000
   0   1.17415  0.8000
   0   0.48786  0.8000
   1  73.90223  0.8000
   0   0.06248  0.8000
   0  -0.85534  0.8000
   0  -0.78625  0.8000
   0  -0.08318  0.8000
   0   0.90196  0.8000
   0   0.34345  0.8000
   0   0.92600  0.8000
   0  -0.27983  0.8000
   0  -1.60019  0.8000
   0  -1.16659  0.8000
   0  -0.34961  0.8000
   0   0.93521  0.8000
   0  -0.04641  0.8000
   0   1.19464  0.8000
   0   0.56046  0.8000
   0   0.51700  0.8000
   1  67.30940  0.8000
   0  -0.07470  0.8000
   0  -1.22140  0.8000
   0  -2.01765  0.8000
   0  -1.31517  0.8000
   0   0.58055  0.8000
   0   0.09014  0.8000
   0   0.06118  0.8000
   0   0.32846  0.8000
   0  -0.79233  0.8000
   0   0.76764  0.8000
   0   0.27814  0.8000
   0   0.18701  0.8000
   0  -0.90896  0.8000
   0  -0.43732  0.8000
   1  99.11526  0.8000
   0   0.55069  0.8000
   0   0.68158  0.8000
   1 141.39113  0.8000
   1  39.73937  0.8000
   0   0.49333  0.8000
   0  -0.93016  0.8000
   0  -0.07535  0.8000
   1  69.72805  0.8000
   0   0.10519  0.8000
   1  62.62960  0.8000
   0   0.49136  0.8000
   1  64.77955  0.8000
   0   0.81355  0.8000
   0   0.49091  0.8000
   0  -0.02731  0.8000
   1  84.90165  0.8000
   0  -0.59813  0.8000
   0  -1.65857  0.8000
   0   0.06701  0.8000
   0  -1.26723  0.8000
   0  -0.39985  0.8000
   0   1.06622  0.8000
   1  66.28547  0.8000
   0   0.18847  0.8000
   1  52.27531  0.8000
   0  -0.06399  0.8000
   0  -0.11980  0.8000
   0  -0.17589  0.8000
   0  -0.42663  0.8000
   0   0.91667  0.8000
   0   1.14259  0.8000
   0  -0.75964  0.8000
   0   0.91392  0.8000
   0  -0.21338  0.8000
   0  -0.21441  0.8000
   0  -1.35757  0.8000
   0  -0.59333  0.8000
   0   0.39454  0.8000
   0   0.37387  0.8000
   0  -0.06230  0.8000
   1  92.58962  0.8000
   0   1.41295  0.8000
   0  -0.93909  0.8000
   0   1.11377  0.8000
   0   0.06557  0.8000
   0  -0.02322  0.8000
   0   0.98262  0.8000
   0   0.97853  0.8000
   0  -0.36598  0.8000
   0   0.56458  0.8000
   0  -0.70286  0.8000
   0  -0.93790  0.8000
   0   0.31619  0.8000
   0  -0.18602  0.8000
   0  -0.66366  0.8000
   0   1.08547  0.8000
   0  -0.94139  0.8000
   0  -0.78392  0.8000
   0   0.39349  0.8000
   0  -0.94068  0.8000
   0  -0.87192  0.8000
   0  -0.37859  0.8000
   0  -0.86320  0.8000
   1  67.93707  0.8000
   1 110.97277  0.8000
   0   0.03537  0.8000
   0   2.18797  0.8000
   1 104.65702  0.8000
   1  35.15948  0.8000
   0  -0.49777  0.8000
   1  39.78578  0.8000
   0  -0.05832  0.8000
   1  39.22587  0.8000
   0   0.47008  0.8000
   0  -1.26092  0.8000
   1  40.75347  0.8000
   0  -0.87297  0.8000
   0   1.24344  0.8000
   0   0.49283  0.8000
   0  -1.10773  0.8000
   0   0.60347  0.8000
   0   1.16832  0.8000
   0  -0.80795  0.8000
   1  47.65080  0.8000
   1  51.11510  0.8000
   1  68.00349  0.8000
   0   0.68599  0.8000
   0  -0.47247  0.8000
   0  -0.96945  0.8000
   0   0.08498  0.8000
   0   0.49915  0.8000
   0  -0.00740  0.8000
   0  -0.92764  0.8000
   0  -0.75459  0.8000
   0   0.01426  0.8000
   0   1.15515  0.8000
   0  -0.75178  0.8000
   0   0.66776  0.8000
   0   1.45068  0.8000
   0   0.04316  0.8000
   0  -1.25684  0.8000
   0  -1.04523  0.8000
   0   0.19156  0.8000
   0   1.63665  0.8000
   0  -0.08136  0.8000
   0   0.16853  0.8000
   0  -0.88520  0.8000
   0  -0.36549  0.8000
   0   0.39768  0.8000
   0  -0.01597  0.8000
   0  -0.70418  0.8000
   0   0.55032  0.8000
   0   0.01552  0.8000
   0   0.03581  0.8000
   0   0.39363  0.8000
   0  -0.53156  0.8000
   0  -0.42501  0.8000
   0  -0.39760  0.8000
   0  -0.63395  0.8000
   0   0.10208  0.8000
   0  -0.64842  0.8000
   0   1.71098  0.8000
   0  -0.38672  0.8000
   0   0.52937  0.8000
   0   0.20767  0.8000
   0  -2.00652  0.8000
   0   0.22627  0.8000
   0   0.64379  0.8000
   0  -0.16132  0.8000
   0  -0.37559  0.8000
   0  -0.78250  0.8000
   0  -0.85810  0.8000
   1  64.61479  0.8000
   0  -0.05330  0.8000
   0   1.12081  0.8000
   0   0.13629  0.8000
   0  -0.06724  0.8000
   0  -0.65810  0.8000
   0  -1.30695  0.8000
   1  49.46671  0.8000
   0   2.06920  0.8000
   0  -0.32684  0.8000
   0   0.46305  0.8000
   0  -0.40066  0.8000
   0   0.47681  0.8000
   0   0.25136  0.8000
   0   0.54254  0.8000
   0   1.75073  0.8000
   0  -0.16976  0.8000
   0  -0.58299  0.8000
   0  -0.31647  0.8000
   0   0.26095  0.8000
   0   0.14383  0.8000
   0  -0.02700  0.8000
   0   0.06517  0.8000
   0  -0.34836  0.8000
   0   0.03726  0.8000
   0  -0.92656  0.8000
   0  -1.56824  0.8000
   0   0.06786  0.8000
   0  -0.37182  0.8000
   0  -0.38071  0.8000
   0  -1.07052  0.8000
   0   0.78283  0.8000
   0   0.08279  0.8000
   0   0.52354  0.8000
   0   0.18986  0.8000
   0   0.73059  0.8000
   0  -1.18865  0.8000
   0  -0.60074  0.8000
   0   0.43951  0.8000
   0  -0.17827  0.8000
   0  -0.28095  0.8000
   0   1.07549  0.8000
   0   0.03230  0.8000
   0   0.50547  0.8000
   0   0.48611  0.8000
   0   0.87336  0.8000
   0   1.03639  0.8000
   0  -0.64927  0.8000
   0   0.74887  0.8000
   0   0.55881  0.8000
   0   0.92292  0.8000
   0   0.00146  0.8000
   0   0.61904  0.8000
   0   0.02439  0.8000
   0  -0.59280  0.8000
   0   1.11513  0.8000
   0  -0.49244  0.8000
   0   0.33416  0.8000
   0   0.58878  0.8000
   0   1.25753  0.8000
   0  -0.12168  0.8000
   0  -1.11570  0.8000
   0   0.44062  0.8000
   0  -0.84446  0.8000
   0   0.41433  0.8000
   0   0.22055  0.8000
   0  -0.09697  0.8000
   0   0.63177  0.8000
   0   0.84892  0.8000
   0  -0.51774  0.8000
   0  -0.96967  0.8000
   0  -1.25204  0.8000
   0   0.35559  0.8000
   0   0.76960  0.8000
   0   0.44357  0.8000
   0  -0.37305  0.8000
   0  -0.96508  0.8000
   0   0.42888  0.8000
   0  -0.05597  0.8000
   0  -0.67430  0.8000
   0  -0.26631  0.8000
   0   1.04314  0.8000
   0   0.27541  0.8000
   0  -0.01740  0.8000
   0  -0.42652  0.8000
   0   0.17031  0.8000
   0   1.13643  0.8000
   0  -0.44704  0.8000
   0  -0.73385  0.8000
   0   0.13574  0.8000
   0  -0.75792  0.8000
   0  -0.66749  0.8000
   0   0.75814  0.8000
   0   1.17857  0.8000
   0  -1.10114  0.8000
   0   2.48741  0.8000
   0  -0.75620  0.8000
   0   0.49671  0.8000
   0  -0.54176  0.8000
   0   0.07290  0.8000
   0   0.19916  0.8000
   0  -0.18187  0.8000
   0  -0.51041  0.8000
   0   1.98575  0.8000
   0  -1.13692  0.8000
   0   0.82855  0.8000
   0  -0.93219  0.8000
   0   0.50293  0.8000
   0  -0.08428  0.8000
   0  -0.54591  0.8000
   0   0.87918  0.8000
   0   0.48085  0.8000
   0   0.54126  0.8000
   1 153.40683  0.8000
   0  -0.95371  0.8000
   0  -0.41064  0.8000
   0  -1.01134  0.8000
   0  -0.89360  0.8000
   0   0.53845  0.8000
   1  91.66424  0.8000
   0   0.97377  0.8000
   1  84.01777  0.8000
   0   0.88666  0.8000
   1  79.63626  0.8000
   0   0.32578  0.8000
   0   0.33303  0.8000
   1  72.40244  0.8000
   1 208.20226  0.8000
   0  -0.32323  0.8000
   0   0.98636  0.8000
   0  -1.13010  0.8000
   1  61.05693  0.8000
   0  -0.45940  0.8000
   0  -1.07256  0.8000
   0  -0.59645  0.8000
   1  68.43250  0.8000
   1 126.32066  0.8000
   1  65.37166  0.8000
   0  -0.75421  0.8000
   0   0.45872  0.8000
   0  -1.06590  0.8000
   0  -1.59266  0.8000
   0   1.16514  0.8000
   0   0.31836  0.8000
   0  -0.75488  0.8000
   0  -1.38687  0.8000
   0  -0.75867  0.8000
   0   1.50986  0.8000
   0  -1.40911  0.8000
   0  -0.67738  0.8000
   0   0.42017  0.8000
   0   2.15790  0.8000
   0   0.24708  0.8000
   0   0.28762  0.8000
   0   1.02376  0.8000
   0  -0.93046  0.8000
   0   0.48913  0.8000
   0  -0.55197  0.8000
   0  -0.02544  0.8000
   0  -1.27385  0.8000
   0   0.55644  0.8000
   0  -1.68300  0.8000
   0  -0.01705  0.8000
   0  -0.69509  0.8000
   0  -0.42374  0.8000
   0  -0.26666  0.8000
   0  -0.90554  0.8000
   0   0.85025  0.8000
   0  -0.80073  0.8000
   0   0.15811  0.8000
   0   0.90567  0.8000
   0  -1.19139  0.8000
   0   0.12080  0.8000
   0   0.54355  0.8000
   0  -0.30505  0.8000
   0  -0.48031  0.8000
   0  -0.15381  0.8000
   1 100.03569  0.8000
   0  -1.78835  0.8000
   1  63.15344  0.8000
   0  -1.15802  0.8000
   0  -0.60514  0.8000
   1  80.12970  0.8000
   0   0.76221  0.8000
   1  84.78073  0.8000
   0   0.57347  0.8000
   0  -0.75058  0.8000
   1  89.55334  0.8000
   1  50.78972  0.8000
   0  -1.92172  0.8000
   0   1.02861  0.8000
   0  -0.60225  0.8000
   1 124.50254  0.8000
   1  50.65539  0.8000
   0   0.39188  0.8000
   1  86.76394  0.8000
   1  96.64415  0.8000
   0  -0.68063  0.8000
   0  -1.04962  0.8000
   0  -1.27046  0.8000
   0  -1.36666  0.8000
   1 203.65716  0.8000
   0  -0.48118  0.8000
   0  -0.25799  0.8000
   0  -1.68327  0.8000
   0   0.12751  0.8000
   0  -0.06026  0.8000
   0   1.38210  0.8000
   0  -0.01370  0.8000
   0   0.27676  0.8000
   0  -0.02758  0.8000
   0  -0.74993  0.8000
   0  -0.80121  0.8000
   0  -0.58840  0.8000
   0   0.59622  0.8000
   0  -1.50596  0.8000
   0   0.99735  0.8000
   0  -0.38872  0.8000
   0   0.51078  0.8000
   0   0.71175  0.8000
   0  -0.63069  0.8000
   0   1.38835  0.8000
   0   0.55205  0.8000
   0  -0.52585  0.8000
   0   0.08589  0.8000
   0   0.40339  0.8000
   0  -0.00068  0.8000
   0   0.83821  0.8000
   0  -0.15340  0.8000
   0  -0.37854  0.8000
   0   0.98180  0.8000
   0  -0.61310  0.8000
   0   0.15946  0.8000
   0  -1.09323  0.8000
   0  -0.76995  0.8000
   0   1.18449  0.8000
   0   0.54140  0.8000
   0  -0.31123  0.8000
   0  -0.27736  0.8000
   0   0.95596  0.8000
   0  -0.34549  0.8000
   1 169.68505  0.8000
   1 126.59723  0.8000
   1 176.48864  0.8000
   0   0.59991  0.8000
   1 182.75223  0.8000
   0  -0.32043  0.8000
   0   0.32392  0.8000
   1 188.12689  0.8000
   1  51.88675  0.8000
   0   0.03745  0.8000
   0   0.82281  0.8000
   0  -0.24105  0.8000
   1 215.26127  0.8000
   1 149.94903  0.8000
   0   0.54192  0.8000
   1 185.38922  0.8000
   0   0.22834  0.8000
   1 135.48847  0.8000
   1 205.24030  0.8000
   0   0.67521  0.8000
   0  -0.07060  0.8000
   0   0.77496  0.8000
   0   0.11319  0.8000
   0   1.49067  0.8000
   0  -0.09057  0.8000
   0  -2.30818  0.8000
   0   0.82780  0.8000
   0  -1.25021  0.8000
   0  -0.53613  0.8000
   0  -0.15384  0.8000
   0   0.44699  0.8000
   0  -1.06902  0.8000
   0   0.46293  0.8000
   0  -0.31280  0.8000
   0   0.54768  0.8000
   0  -1.21883  0.8000
   0  -0.44384  0.8000
   0  -0.73246  0.8000
   0   0.81921  0.8000
   0  -0.69467  0.8000
   0  -0.25860  0.8000
   0   1.17964  0.8000
   0   0.92277  0.8000
   0  -0.37627  0.8000
   0   0.13228  0.8000
   0  -0.46929  0.8000
   0  -0.07820  0.8000
   0  -0.87339  0.8000
   0   0.72529  0.8000
   0  -0.29281  0.8000
   0   0.47284  0.8000
   0   1.14226  0.8000
   0   0.31052  0.8000
   0  -0.39834  0.8000
   0  -2.24633  0.8000
   0  -0.22020  0.8000
   0   0.75391  0.8000
   0  -0.91929  0.8000
   0  -0.92575  0.8000
   0   0.36727  0.8000
   0   0.40438  0.8000
   0   0.11685  0.8000
   0  -0.39394  0.8000
   0  -0.73284  0.8000
   1  44.86861  0.8000
   0  -0.00156  0.8000
   0   1.98751  0.8000
   0   0.16635  0.8000
   0   0.22097  0.8000
   0   0.28588  0.8000
   0  -0.55410  0.8000
   0  -0.50601  0.8000
   0  -0.08597  0.8000
   0  -1.17561  0.8000
   0   1.18884  0.8000
   0  -0.52524  0.8000
   0   0.32263  0.8000
   0  -0.76667  0.8000
   0   1.04168  0.8000
   0  -0.26386  0.8000
   0   0.64848  0.8000
   0  -1.07973  0.8000
   0  -0.20665  0.8000
   0   0.30819  0.8000
   0   1.53035  0.8000
   0   0.85910  0.8000
   0  -0.46907  0.8000
   0   0.71296  0.8000
   0   0.70122  0.8000
   0  -0.04742  0.8000
   0  -0.60587  0.8000
   0  -0.45843  0.8000
   0  -0.96104  0.8000
   0  -1.05391  0.8000
   0   0.97304  0.8000
   0   0.10846  0.8000
   0  -1.46680  0.8000
   0   0.06890  0.8000
   0   0.73444  0.8000
   0  -0.03259  0.8000
   0   0.04414  0.8000
   0   0.15844  0.8000
   0   0.43395  0.8000
   0   1.17600  0.8000
   0   0.65565  0.8000
   0   1.30789  0.8000
   0  -0.75427  0.8000
   0  -1.39936  0.8000
   0  -1.06061  0.8000
   0  -0.58300  0.8000
   0   0.32729  0.8000
   0   0.13856  0.8000
   0  -0.17496  0.8000
   0  -0.21678  0.8000
   0  -0.76366  0.8000
   0  -1.30338  0.8000
   0  -0.02474  0.8000
   0   0.37699  0.8000
   0  -0.28086  0.8000
   0  -0.53104  0.8000
   0   1.21365  0.8000
   0  -0.74379  0.8000
   1  76.87805  0.8000
   0   2.01255  0.8000
   0  -0.78392  0.8000
   0  -0.91251  0.8000
   1  63.80163  0.8000
   0  -0.40246  0.8000
   0   1.23059  0.8000
   0  -0.30861  0.8000
   1 110.88340  0.8000
   0   0.30507  0.8000
   0   0.18475  0.8000
   0  -0.22721  0.8000
   1 116.40766  0.8000
   0   0.12826  0.8000
   0  -0.29889  0.8000
   0   0.33340  0.8000
   1  64.21438  0.8000
   1  70.68022  0.8000
   1  73.49069  0.8000
   0   0.23799  0.8000
   0  -0.87870  0.8000
   0  -1.16124  0.8000
   0  -3.40827  0.8000
   0   0.57082  0.8000
   0  -0.22833  0.8000
   0  -1.14371  0.8000
   0   0.02750  0.8000
   0   0.29319  0.8000
   0  -0.38172  0.8000
   0   0.44328  0.8000
   0   0.62125  0.8000
   0  -0.46101  0.8000
   0   0.21649  0.8000
   0   0.07292  0.8000
   0  -0.04918  0.8000
   0   0.77894  0.8000
   0  -0.86355  0.8000
   0   1.18994  0.8000
   0  -0.49488  0.8000
   0   0.64213  0.8000
   0  -0.23764  0.8000
   0   0.23279  0.8000
   0  -0.17599  0.8000
   0   0.24266  0.8000
   0   0.98448  0.8000
   0  -0.67064  0.8000
   0   0.00494  0.8000
   0  -0.64101  0.8000
   0  -0.07484  0.8000
   0  -0.90967  0.8000
   0  -0.84177  0.8000
   0   0.57982  0.8000
   0   0.73643  0.8000
   0   0.12274  0.8000
   0  -0.18794  0.8000
   0  -0.18536  0.8000
   0   0.29374  0.8000
   0  -0.12181  0.8000
   0   0.14972  0.8000
   0  -0.43324  0.8000
   0  -0.99324  0.8000
   0   0.09715  0.8000
   0  -0.46902  0.8000
   0  -0.91712  0.8000
   0  -0.02684  0.8000
   0  -0.27323  0.8000
   0   0.89375  0.8000
   0   0.26571  0.8000
   1  30.70074  0.8000
   0   0.47358  0.8000
   0  -1.14504  0.8000
   0   0.19867  0.8000
   0   0.58385  0.8000
   1  46.41057  0.8000
   1  43.65586  0.8000
   0   0.31094  0.8000
   1  34.86901  0.8000
   1  45.43685  0.8000
   0   0.10188  0.8000
   1  56.52937  0.8000
   0   0.17687  0.8000
   0  -0.77051  0.8000
   0  -0.19694  0.8000
   0  -0.15614  0.8000
   0  -0.13673  0.8000
   0   0.49758  0.8000
   0   0.25125  0.8000
   0   0.30711  0.8000
   0   0.36074  0.8000
   0  -1.11328  0.8000
   0  -0.01344  0.8000
   0  -0.21632  0.8000
   0   0.10653  0.8000
   0   0.20247  0.8000
   0   0.80709  0.8000
   0  -1.31605  0.8000
   0  -1.39652  0.8000
   0  -0.02028  0.8000
   0  -0.40121  0.8000
   0  -0.88075  0.8000
   0  -0.59775  0.8000
   0   0.33127  0.8000
   0   0.32560  0.8000
   0   0.13189  0.8000
   0   0.55259  0.8000
   0   0.00377  0.8000
   0   0.69059  0.8000
   0  -0.39150  0.8000
   0   0.07225  0.8000
   0  -0.35828  0.8000
   0  -0.74899  0.8000
   0  -0.37372  0.8000
   0   0.56720  0.8000
   0  -0.13869  0.8000
   0   0.10782  0.8000
   0   0.48912  0.8000
   0  -0.10747  0.8000
   0  -0.63205  0.8000
   0  -0.18388  0.8000
   0   0.21731  0.8000
   0   0.91860  0.8000
   0   0.00502  0.8000
   0   1.40746  0.8000
   0   0.34283  0.8000
   0  -0.84660  0.8000
   0   0.07157  0.8000
   0  -0.44181  0.8000
   0  -0.85433  0.8000
   0   0.33134  0.8000
   0  -0.16096  0.8000
   1 151.55258  0.8000
   0   0.66140  0.8000
   0   0.83553  0.8000
   0  -0.70530  0.8000
   0  -0.10939  0.8000
   0  -0.06119  0.8000
   0   0.49278  0.8000
   0  -1.38331  0.8000
   0   0.66841  0.8000
   1 231.50621  0.8000
   0  -0.53105  0.8000
   0  -0.48409  0.8000
   0   0.40840  0.8000
   0  -0.79557  0.8000
   0   0.73314  0.8000
   0  -0.43115  0.8000
   0  -0.45019  0.8000
   0   0.69696  0.8000
   0   0.11768  0.8000
   0   0.06940  0.8000
   0  -1.48476  0.8000
   0   0.62376  0.8000
   0  -0.80685  0.8000
   0   0.18856  0.8000
   0  -0.48827  0.8000
   0  -0.23348  0.8000
   0  -0.40619  0.8000
   0   0.09594  0.8000
   0  -0.40662  0.8000
   0   0.10316  0.8000
   0   1.48736  0.8000
   0   0.37950  0.8000
   0  -1.17795  0.8000
   0  -0.00075  0.8000
   0   0.86463  0.8000
   0  -0.24828  0.8000
   0   0.75928  0.8000
   0   0.44847  0.8000
   0  -1.76355  0.8000
   0   0.67596  0.8000
   0  -0.27224  0.8000
   0   1.27022  0.8000
   0   0.64576  0.8000
   0  -0.35740  0.8000
   0  -0.07066  0.8000
   0   0.19320  0.8000
   0   1.58263  0.8000
   1  71.00538  0.8000
   0  -0.90040  0.8000
   0   0.18541  0.8000
   0  -0.34250  0.8000
   0   1.82545  0.8000
   0   1.19622  0.8000
   0   1.84637  0.8000
   0   0.30987  0.8000
   0   0.25591  0.8000
   0  -0.44722  0.8000
   0   0.22811  0.8000
   0   0.30431  0.8000
   0   0.29036  0.8000
   0   0.98856  0.8000
   1 123.86098  0.8000
   0   0.92351  0.8000
   0  -0.15300  0.8000
   0  -1.34532  0.8000
   1  51.40708  0.8000
   0   0.11718  0.8000
   0  -0.69868  0.8000
   0  -0.75859  0.8000
   0  -1.49132  0.8000
   1  44.40892  0.8000
   1  38.74758  0.8000
   0   1.71810  0.8000
   0   0.31180  0.8000
   0  -1.64380  0.8000
   0   0.01934  0.8000
   0   0.72793  0.8000
   0  -0.27468  0.8000
   0   0.87765  0.8000
   0  -0.13963  0.8000
   0  -0.01245  0.8000
   0   0.63673  0.8000
   1  49.23553  0.8000
   0  -0.46068  0.8000
   0  -0.00166  0.8000
   0  -2.38187  0.8000
   0   0.38155  0.8000
   0   0.00734  0.8000
   0   0.52047  0.8000
   0  -0.13974  0.8000
   0   1.42434  0.8000
   0  -0.74604  0.8000
   0  -1.59845  0.8000
   0   0.33092  0.8000
   0   0.25407  0.8000
   0  -0.80614  0.8000
   0   1.40986  0.8000
   0  -0.16896  0.8000
   0  -0.83436  0.8000
   0  -0.27994  0.8000
   0   0.21146  0.8000
   0   1.06224  0.8000
   0  -0.10756  0.8000
   0  -0.54858  0.8000
   0   0.13764  0.8000
   0   0.60647  0.8000
   0   0.48354  0.8000
   0  -0.67972  0.8000
   0   2.06349  0.8000
   0  -0.99424  0.8000
   0  -0.78434  0.8000
   0   0.86327  0.8000
   0   1.53124  0.8000
   0   0.04259  0.8000
   0   0.38805  0.8000
   0   0.79596  0.8000
   0  -0.12733  0.8000
   0  -0.10651  0.8000
   0  -0.60405  0.8000
   0  -1.55428  0.8000
   1  45.82094  0.8000
   0   0.43615  0.8000
   0  -0.13121  0.8000
   1  61.35007  0.8000
   0  -0.03243  0.8000
   0  -0.85873  0.8000
   0  -0.44965  0.8000
   0  -0.22631  0.8000
   1  70.03201  0.8000
   0   0.06914  0.8000
   0  -0.30168  0.8000
   0   0.71388  0.8000
   0   0.24999  0.8000
   0  -0.15267  0.8000
   0  -1.37325  0.8000
   0  -1.56803  0.8000
   0   1.33415  0.8000
   0  -0.06416  0.8000
   0  -0.01761  0.8000
   0  -0.03379  0.8000
   0   0.06301  0.8000
   0  -0.14768  0.8000
   0   0.66338  0.8000
   0   1.06028  0.8000
   0   0.23037  0.8000
   0  -0.32098  0.8000
   0   1.15712  0.8000
   0   0.00332  0.8000
   0   1.25667  0.8000
   0   1.49819  0.8000
   0  -2.92534  0.8000
   0   0.03594  0.8000
   0  -0.49017  0.8000
   0  -0.83727  0.8000
   0   0.28863  0.8000
   0   0.41192  0.8000
   0   0.23321  0.8000
   0  -0.13588  0.8000
   0  -0.22131  0.8000
   0   1.10051  0.8000
   0  -0.76256  0.8000
   0   1.57121  0.8000
   0  -0.10151  0.8000
   0  -0.58695  0.8000
   0   1.12852  0.8000
   0   0.13368  0.8000
   0   1.50514  0.8000
   0  -0.34766  0.8000
   0  -2.13983  0.8000
   0  -0.79761  0.8000
   0  -0.55242  0.8000
   0   2.98085  0.8000
   0  -0.60996  0.8000
   0  -1.17306  0.8000
   0   0.70129  0.8000
   0   1.09618  0.8000
   0  -0.34011  0.8000
   0   0.21017  0.8000
   0   0.21735  0.8000
   0   0.62975  0.8000
   0  -0.32578  0.8000
   0  -0.22202  0.8000
   0   0.02195  0.8000
   1 127.61517  0.8000
   0  -1.73476  0.8000
   0   0.52596  0.8000
   0   0.81457  0.8000
   1  50.46575  0.8000
   0   0.71228  0.8000
   0  -0.35087  0.8000
   0   0.97378  0.8000
   0   0.81800  0.8000
   1  50.38729  0.8000
   0  -0.09284  0.8000
   0   0.16444  0.8000
   0  -0.28210  0.8000
   0   0.02105  0.8000
   0   0.84679  0.8000
   0   0.60496  0.8000
   0   0.21459  0.8000
   0  -0.54732  0.8000
   0   0.47470  0.8000
   0  -1.92621  0.8000
   0  -0.02430  0.8000
   0  -0.02831  0.8000
   0  -0.35160  0.8000
   0  -0.23859  0.8000
   0   0.31910  0.8000
   0   0.35294  0.8000
   0   0.63773  0.8000
   0  -0.72679  0.8000
   0  -0.70721  0.8000
   0  -0.74543  0.8000
   0   0.23160  0.8000
   0  -0.04808  0.8000
   0   0.77832  0.8000
   0  -0.27823  0.8000
   0  -0.56705  0.8000
   0   0.33153  0.8000
   0   0.75152  0.8000
   0   0.65257  0.8000
   0   0.62230  0.8000
   0  -0.44197  0.8000
   0   1.22628  0.8000
   0   1.04087  0.8000
   0  -0.38959  0.8000
   0   0.81032  0.8000
   0  -1.03499  0.8000
   0   0.56053  0.8000
   0  -0.72181  0.8000
   0   0.74769  0.8000
   0   0.77009  0.8000
   0  -0.45227  0.8000
   0   1.39266  0.8000
   0   0.25873  0.8000
   0  -1.41484  0.8000
   0  -0.14234  0.8000
   0  -0.62718  0.8000
   0  -0.26780  0.8000
   0   0.80996  0.8000
   0  -0.54616  0.8000
   0   0.31338  0.8000
   0   0.31607  0.8000
   0  -0.16442  0.8000
   0   0.66121  0.8000
   0  -0.32740  0.8000
   0  -0.12202  0.8000
   0   0.81551  0.8000
   0   1.44794  0.8000
   0  -0.55154  0.8000
   0   0.51012  0.8000
   0   0.78234  0.8000
   0   1.25356  0.8000
   0  -0.00973  0.8000
   0   1.33158  0.8000
   0   0.09800  0.8000
   0   0.00160  0.8000
   0  -0.09758  0.8000
   0   0.35693  0.8000
   0   1.10760  0.8000
   0  -0.78876  0.8000
   0  -0.78097  0.8000
   0  -0.35113  0.8000
   0  -0.37322  0.8000
   0  -0.43013  0.8000
   0   0.16200  0.8000
   0  -0.49382  0.8000
   0   0.09229  0.8000
   0  -1.04608  0.8000
   0   1.22411  0.8000
   0  -0.95450  0.8000
   0  -0.02015  0.8000
   0   1.01919  0.8000
   0  -0.57998  0.8000
   0  -0.00475  0.8000
   0  -0.33134  0.8000
   0   0.33491  0.8000
   0   0.96497  0.8000
   0  -0.82571  0.8000
   0   0.30369  0.8000
   0  -0.59063  0.8000
   0  -0.53860  0.8000
   0  -0.65356  0.8000
   0   0.24048  0.8000
   0   1.15406  0.8000
   0   0.31680  0.8000
   0  -0.15181  0.8000
   0  -0.62639  0.8000
   0  -0.63958  0.8000
   0  -1.70897  0.8000
   0   0.00473  0.8000
   0   0.47691  0.8000
   0  -0.10504  0.8000
   0   1.57575  0.8000
   0   0.12831  0.8000
   0  -0.83632  0.8000
   0  -0.90343  0.8000
   0  -0.20023  0.8000
   0   0.12523  0.8000
   0  -1.30197  0.8000
   0   0.24179  0.8000
   0   0.57775  0.8000
   0   0.58656  0.8000
   0  -0.07427  0.8000
   0   0.57218  0.8000
   0  -0.39809  0.8000
   0  -0.41938  0.8000
   0  -0.24309  0.8000
   0   0.30959  0.8000
   0   0.54125  0.8000
   0   0.25750  0.8000
   0   0.71563  0.8000
   0   1.31629  0.8000
   0   0.77598  0.8000
   0   0.15994  0.8000
   0  -0.12079  0.8000
   0   1.00127  0.8000
   0   1.27287  0.8000
   0  -0.13681  0.8000
   0  -1.28529  0.8000
   0   0.56820  0.8000
   0   0.04562  0.8000
   0   0.48022  0.8000
   0   0.39423  0.8000
   0  -0.25966  0.8000
   0  -0.24818  0.8000
   0   0.27277  0.8000
   0  -1.06682  0.8000
   0  -0.14012  0.8000
   0  -0.81291  0.8000
   0   1.37748  0.8000
   0  -0.16763  0.8000
   0   2.36001  0.8000
   0  -0.32997  0.8000
   0   0.51889  0.8000
   0   0.42970  0.8000
   0   0.51606  0.8000
   0   0.02257  0.8000
   0  -0.48279  0.8000
   0  -0.18141  0.8000
   0   0.04621  0.8000
   0   1.60099  0.8000
   0   0.44003  0.8000
   0   0.43352  0.8000
   0   0.13684  0.8000
   0  -0.19164  0.8000
   0   0.48146  0.8000
   0  -0.75735  0.8000
   0  -1.05656  0.8000
   0  -1.05318  0.8000
   0   0.72606  0.8000
   0   0.65570  0.8000
   0  -1.00529  0.8000
   0   0.24661  0.8000
   0  -0.29812  0.8000
   0  -0.25977  0.8000
   0  -1.24896  0.8000
   0  -1.44966  0.8000
   0   0.88362  0.8000
   0   0.07898  0.8000
   0   0.60920  0.8000
   0   0.24998  0.8000
   0   0.61055  0.8000
   0  -0.78899  0.8000
   0   0.09943  0.8000
   0  -0.55490  0.8000
   1 135.72117  0.8000
   0   0.60718  0.8000
   0  -0.74504  0.8000
   0   0.90228  0.8000
   1  50.20969  0.8000
   0  -0.20304  0.8000
   0   0.31459  0.8000
   0   0.34220  0.8000
   0  -0.34313  0.8000
   1  58.46006  0.8000
   0  -0.22570  0.8000
   0   0.17373  0.8000
   0   0.14899  0.8000
   1 157.48776  0.8000
   0  -0.11045  0.8000
   0  -0.44162  0.8000
   0  -0.57268  0.8000
   0  -0.20999  0.8000
   0  -0.11863  0.8000
   0   1.14650  0.8000
   0   0.70027  0.8000
   0  -0.37818  0.8000
   0   0.62898  0.8000
   0   1.45713  0.8000
   0  -1.70875  0.8000
   1  92.16721  0.8000
   0  -0.08822  0.8000
   0  -0.26440  0.8000
   0  -1.03195  0.8000
   0   2.06069  0.8000
   1 150.79386  0.8000
   0  -0.08242  0.8000
   0  -1.02988  0.8000
   0   0.89515  0.8000
   0   0.58776  0.8000
   0   0.45561  0.8000
   0   0.27972  0.8000
   0  -1.06985  0.8000
   0   0.02159  0.8000
   0  -0.53685  0.8000
   0  -1.18048  0.8000
   0  -0.21430  0.8000
   0  -0.55174  0.8000
   0  -0.11985  0.8000
   0  -1.48544  0.8000
   0   0.30874  0.8000
   0  -1.01070  0.8000
   1  56.05747  0.8000
   0  -0.28677  0.8000
   0  -2.38471  0.8000
   0   1.70159  0.8000
   0  -1.01209  0.8000
   0   0.60197  0.8000
   0   0.03276  0.8000
   0  -0.32874  0.8000
   0  -0.25488  0.8000
   0   0.61460  0.8000
   0   0.34140  0.8000
   1 144.04393  0.8000
   0  -0.43003  0.8000
   0  -0.11009  0.8000
   0   0.49136  0.8000
   0  -0.91539  0.8000
   0   0.16271  0.8000
   0   0.38501  0.8000
   1 163.45298  0.8000
   0   0.13294  0.8000
   0   1.28200  0.8000
   1 133.57342  0.8000
   0  -0.55032  0.8000
   1  85.25336  0.8000
   0   0.34193  0.8000
   0   0.49366  0.8000
   0  -0.54455  0.8000
   0   1.28590  0.8000
   0  -1.24804  0.8000
   0  -0.42610  0.8000
   0   0.17015  0.8000
   0  -0.21409  0.8000
   0   0.23595  0.8000
   0  -0.52136  0.8000
   0   0.12197  0.8000
   0   0.76050  0.8000
   0  -1.12573  0.8000
   0   0.25088  0.8000
   0  -0.09720  0.8000
   0   0.33813  0.8000
   0   0.44035  0.8000
   0   0.57957  0.8000
   0  -0.24708  0.8000
   0  -0.47265  0.8000
   0  -1.48653  0.8000
   0   0.67890  0.8000
   0   1.76902  0.8000
   0  -0.49972  0.8000
   0   1.59725  0.8000
   0   0.15807  0.8000
   0  -0.20653  0.8000
   0  -0.37103  0.8000
   0   1.25800  0.8000
   0   0.13284  0.8000
   0   0.92654  0.8000
   0   0.18332  0.8000
   0   0.43544  0.8000
   0   0.29611  0.8000
   0  -0.13900  0.8000
   0   0.76356  0.8000
   0  -0.36775  0.8000
   0  -0.64196  0.8000
   0   1.09845  0.8000
   0  -0.55480  0.8000
   0  -0.08602  0.8000
   0   1.26823  0.8000
   0   0.60253  0.8000
   0  -0.89681  0.8000
   0  -0.45383  0.8000
   0  -0.96657  0.8000
   0   1.15257  0.8000
   0  -0.35682  0.8000
   0   0.21031  0.8000
   0  -0.10441  0.8000
   0   0.64690  0.8000
   0  -0.08673  0.8000
   0  -0.39208  0.8000
   1  46.00545  0.8000
   0  -1.07683  0.8000
   0   0.78028  0.8000
   0   0.93472  0.8000
   0  -0.34646  0.8000
   0   0.70903  0.8000
   0  -0.48081  0.8000
   0   0.01023  0.8000
   0  -0.45007  0.8000
   0  -0.29628  0.8000
   0   0.41446  0.8000
   0  -0.67136  0.8000
   1  44.52470  0.8000
   0  -0.16793  0.8000
   0  -0.07109  0.8000
   0  -1.31279  0.8000
   0  -0.30644  0.8000
   0  -0.83108  0.8000
   0  -0.96074  0.8000
   1  34.27224  0.8000
   0  -0.95188  0.8000
   0   1.20183  0.8000
   0  -0.31241  0.8000
   0   0.97935  0.8000
   0   0.06402  0.8000
   0  -1.33071  0.8000
   0  -0.18350  0.8000
   0  -0.18679  0.8000
   0   1.80229  0.8000
   0  -0.36667  0.8000
   0   0.02332  0.8000
   0  -1.40470  0.8000
   0   1.82279  0.8000
   0   0.33425  0.8000
   0  -0.65201  0.8000
   0   0.15611  0.8000
   0  -0.02277  0.8000
   0  -0.29852  0.8000
   0   1.43680  0.8000
   0  -0.39431  0.8000
   0  -0.76643  0.8000
   0  -0.60946  0.8000
   0  -0.88418  0.8000
   0  -0.52333  0.8000
   0  -0.36824  0.8000
   0  -0.65711  0.8000
   0  -0.44701  0.8000
   0   0.24118  0.8000
   0  -0.83963  0.8000
   0  -0.38378  0.8000
   0   0.77993  0.8000
   0   0.61743  0.8000
   0  -1.04163  0.8000
   0   0.62576  0.8000
   0  -0.21414  0.8000
   0  -0.49123  0.8000
   0   0.61281  0.8000
   0   1.22814  0.8000
   0  -0.89453  0.8000
   0  -0.11713  0.8000
   0  -0.52851  0.8000
   0   0.25098  0.8000
   0  -1.06980  0.8000
   0  -1.12141  0.8000
   0   0.00858  0.8000
   1  53.42707  0.8000
   0   0.14246  0.8000
   0   0.09334  0.8000
   0   0.89605  0.8000
   0  -1.29960  0.8000
   0   1.21793  0.8000
   0  -0.01298  0.8000
   0  -0.07607  0.8000
   0  -0.01205  0.8000
   0  -0.30185  0.8000
   0   1.05150  0.8000
   0  -0.77921  0.8000
   0   0.28619  0.8000
   0   0.85429  0.8000
   0  -0.68863  0.8000
   0  -0.51711  0.8000
   0  -0.60763  0.8000
   0  -0.12012  0.8000
   0  -0.84774  0.8000
   0   0.64970  0.8000
   0  -0.62880  0.8000
   0   0.95327  0.8000
   0   1.26298  0.8000
   0  -1.13949  0.8000
   0   0.40467  0.8000
   0   0.44859  0.8000
   0  -1.21417  0.8000
   0  -2.36258  0.8000
   0  -0.20210  0.8000
   0  -1.55818  0.8000
   0   0.63573  0.8000
   0  -1.03930  0.8000
   0  -0.27759  0.8000
   0   0.13790  0.8000
   0   0.98466  0.8000
   0   0.83604  0.8000
   0   0.26374  0.8000
   0  -0.49521  0.8000
   0   1.07144  0.8000
   0   0.51973  0.8000
   0  -0.78524  0.8000
   0  -0.56271  0.8000
   0  -0.01334  0.8000
   0   0.25892  0.8000
   0  -0.34374  0.8000
   0  -0.81630  0.8000
   0  -0.06972  0.8000
   0   2.17371  0.8000
   0   1.39426  0.8000
   0  -0.50271  0.8000
   0   0.99814  0.8000
   0   0.18239  0.8000
   0   0.97589  0.8000
   0  -0.00647  0.8000
   0   0.61273  0.8000
   0  -0.10072  0.8000
   0  -0.41541  0.8000
   0  -0.62480  0.8000
   0   1.03781  0.8000
   0  -1.07807  0.8000
   0   1.20632  0.8000
   0   1.68024  0.8000
   0  -2.35612  0.8000
   0  -0.09409  0.8000
   0  -0.09001  0.8000
   0  -0.18650  0.8000
   0  -0.93249  0.8000
   0   1.17136  0.8000
   0   0.21187  0.8000
   0   0.49786  0.8000
   0  -0.85043  0.8000
   0   1.54301  0.8000
   0   0.05653  0.8000
   0  -0.75869  0.8000
   0  -1.05713  0.8000
   0  -0.21628  0.8000
   0  -0.66711  0.8000
   0  -2.36845  0.8000
   0  -0.95484  0.8000
   0  -0.32295  0.8000
   0  -0.00631  0.8000
   0   1.14014  0.8000
   0  -1.26473  0.8000
   0   0.21890  0.8000
   0   0.04620  0.8000
   0  -1.54978  0.8000
   0  -1.15435  0.8000
   0  -0.38928  0.8000
   0   0.19803  0.8000
   0  -0.04559  0.8000
   0  -0.51002  0.8000
   0  -0.30473  0.8000
   0  -0.05544  0.8000
   0   0.94577  0.8000
   0   0.24196  0.8000
   0  -0.91589  0.8000
   0   0.62636  0.8000
   0  -1.49056  0.8000
   0  -0.90235  0.8000
   0  -0.46651  0.8000
   0   1.37867  0.8000
   0   0.55634  0.8000
   0  -1.00274  0.8000
   0   0.69576  0.8000
   0  -1.45788  0.8000
   0  -0.67762  0.8000
   0  -0.00178  0.8000
   0   0.41826  0.8000
   0   1.37745  0.8000
   0   0.59677  0.8000
   0   0.77463  0.8000
   0   0.39920  0.8000
   0  -0.42673  0.8000
   0   1.22158  0.8000
   0  -1.29035  0.8000
   0   0.51153  0.8000
   0   0.34775  0.8000
   0   0.21841  0.8000
   0   1.14921  0.8000
   0  -0.11390  0.8000
   0  -0.50346  0.8000
   1  86.84891  0.8000
   0   0.39411  0.8000
   1  58.93819  0.8000
   1  59.74115  0.8000
   0   0.30935  0.8000
   1  68.06125  0.8000
   0  -1.35722  0.8000
   0  -0.14932  0.8000
   0  -0.74497  0.8000
   0  -1.01129  0.8000
   0   0.87912  0.8000
   0   0.93071  0.8000
   0  -0.00115  0.8000
   0   0.15126  0.8000
   0  -0.60959  0.8000
   0   0.37103  0.8000
   0  -0.96697  0.8000
   0  -0.61792  0.8000
   0  -1.68605  0.8000
   0   0.04116  0.8000
   0  -1.27206  0.8000
   0  -0.17580  0.8000
   0   1.97686  0.8000
   0  -0.60307  0.8000
   0   0.29059  0.8000
   0  -0.45697  0.8000
   0   1.03830  0.8000
   0  -0.12483  0.8000
   0  -1.35979  0.8000
   0   0.61781  0.8000
   0  -0.50249  0.8000
   0   0.00124  0.8000
   0  -1.36028  0.8000
   0   1.75263  0.8000
   0  -1.05105  0.8000
   0  -0.06775  0.8000
   0   0.84165  0.8000
   0  -0.30697  0.8000
   0  -0.41109  0.8000
   0  -0.39296  0.8000
   0  -0.27841  0.8000
   0  -0.23341  0.8000
   0  -0.12503  0.8000
   0  -1.00559  0.8000
   0   2.69299  0.8000
   0   0.93317  0.8000
   0  -0.30125  0.8000
   0  -0.36198  0.8000
   0  -0.14832  0.8000
   0  -0.88112  0.8000
   0   0.60105  0.8000
   0  -0.83465  0.8000
   0  -1.18124  0.8000
   0   0.31145  0.8000
   0   0.48357  0.8000
   0  -0.29671  0.8000
   0   0.08169  0.8000
   0  -0.05062  0.8000
   0   0.00623  0.8000
   0   0.28549  0.8000
   0  -0.30294  0.8000
   0   0.13746  0.8000
   0  -0.62640  0.8000
   1  37.38505  0.8000
   1  46.52114  0.8000
   1  37.15958  0.8000
   0   1.29508  0.8000
   0  -1.32436  0.8000
   0   0.57494  0.8000
   0  -0.81648  0.8000
   0  -0.10530  0.8000
   0  -0.36745  0.8000
   0   1.24297  0.8000
   0  -2.10880  0.8000
   0  -0.44934  0.8000
   0   1.83279  0.8000
   0  -0.51755  0.8000
   0  -0.47220  0.8000
   0   0.18562  0.8000
   0  -0.81881  0.8000
   0   0.02279  0.8000
   0  -0.44664  0.8000
   0   0.38721  0.8000
   0   0.20842  0.8000
   0   1.06290  0.8000
   0  -0.19749  0.8000
   0   0.64509  0.8000
   0   1.61529  0.8000
   0  -1.09282  0.8000
   0   0.11383  0.8000
   0  -1.71234  0.8000
   0  -0.65304  0.8000
   0  -1.08070  0.8000
   0  -1.25346  0.8000
   0   0.81654  0.8000
   0  -0.08223  0.8000
   0   0.24176  0.8000
   0  -0.06442  0.8000
   0   0.02779  0.8000
   0  -1.57692  0.8000
   0   0.18607  0.8000
   0   0.92838  0.8000
   0  -0.15392  0.8000
   0   0.65080  0.8000
   0   0.00409  0.8000
   0   0.49562  0.8000
   0  -0.87558  0.8000
   1  33.77522  0.8000
   0  -0.65562  0.8000
   0   0.32368  0.8000
   0   0.62332  0.8000
   0   0.98556  0.8000
   0  -0.14476  0.8000
   0   0.37890  0.8000
   0   1.34022  0.8000
   0   0.86743  0.8000
   0  -1.08125  0.8000
   0   0.62761  0.8000
   0   0.29470  0.8000
   0  -0.57433  0.8000
   0  -0.51614  0.8000
   0   1.33213  0.8000
   0  -0.99957  0.8000
   0  -0.47130  0.8000
   0  -0.15043  0.8000
   0  -1.38997  0.8000
   0   0.25943  0.8000
   0   0.75201  0.8000
   0  -0.62066  0.8000
   0   0.01252  0.8000
   0   1.12093  0.8000
   0   0.48011  0.8000
   0   0.82565  0.8000
   0  -0.70491  0.8000
   0   1.08779  0.8000
   0  -0.31594  0.8000
   0   0.05567  0.8000
   0   0.43529  0.8000
   0   0.37288  0.8000
   0   0.08983  0.8000
   0  -0.32579  0.8000
   0   0.97153  0.8000
   0   0.36707  0.8000
   0   1.04788  0.8000
   0   0.06729  0.8000
   0  -0.46593  0.8000
   0  -0.83430  0.8000
   0   0.70208  0.8000
   0   0.01400  0.8000
   0   0.22864  0.8000
   0   0.72996  0.8000
   0  -1.01370  0.8000
   0   1.11619  0.8000
   0   0.95017  0.8000
   0  -0.05736  0.8000
   0   0.17242  0.8000
   0  -0.51295  0.8000
   0  -0.49528  0.8000
   0  -0.32553  0.8000
   0   0.65206  0.8000
   0   1.16909  0.8000
   0  -0.35688  0.8000
   0  -0.69822  0.8000
   0   1.09893  0.8000
   0   1.82373  0.8000
   0   0.93996  0.8000
   0  -0.32203  0.8000
   0   0.72751  0.8000
   0   1.29001  0.8000
   0   0.46451  0.8000
   0   0.19374  0.8000
   0  -0.89358  0.8000
   0   0.68242  0.8000
   0   0.34720  0.8000
   0  -0.74583  0.8000
   0   1.12753  0.8000
   0   0.82257  0.8000
   0  -0.68451  0.8000
   0   0.37455  0.8000
   0  -0.22603  0.8000
   0   0.47156  0.8000
   0  -1.44414  0.8000
   0   1.31734  0.8000
   0  -1.10956  0.8000
   0  -0.10209  0.8000
   0   0.76087  0.8000
   0  -1.42925  0.8000
   1  57.45967  0.8000
   0   0.20093  0.8000
   0   0.63662  0.8000
   0  -0.01613  0.8000
   0  -0.87612  0.8000
   0  -1.68426  0.8000
   0   0.01477  0.8000
   0  -0.68887  0.8000
   0   0.43653  0.8000
   0  -0.74908  0.8000
   0  -1.37565  0.8000
   0   0.05108  0.8000
   0   0.33649  0.8000
   0   0.52332  0.8000
   0   1.10254  0.8000
   0  -0.89652  0.8000
   0  -0.68249  0.8000
   0   0.36770  0.8000
   0   0.01249  0.8000
   0   1.15152  0.8000
   0   0.43177  0.8000
   0   0.61817  0.8000
   0   1.11353  0.8000
   0   0.11660  0.8000
   0  -0.22341  0.8000
   0  -0.48780  0.8000
   0  -0.03481  0.8000
   0  -0.74405  0.8000
   0  -0.46763  0.8000
   0  -0.60563  0.8000
   0   0.70550  0.8000
   0   2.23605  0.8000
   0  -0.63237  0.8000
   0   0.62643  0.8000
   0   0.70984  0.8000
   0   0.90754  0.8000
   0   0.40635  0.8000
   0  -1.05218  0.8000
   0  -0.04090  0.8000
   0   1.35857  0.8000
   0  -0.41847  0.8000
   0  -0.54016  0.8000
   0  -1.76466  0.8000
   0   0.34907  0.8000
   0  -0.59038  0.8000
   0   1.17909  0.8000
   0  -0.48980  0.8000
   0   0.77240  0.8000
   0  -0.49936  0.8000
   0  -0.94028  0.8000
   0   0.38192  0.8000
   0   0.90652  0.8000
   0  -0.97998  0.8000
   0   0.62009  0.8000
   0  -1.22410  0.8000
   0   0.94190  0.8000
   0   0.41415  0.8000
   0   2.71584  0.8000
   0  -0.16679  0.8000
   0  -0.49906  0.8000
   0  -0.01171  0.8000
   1  70.64102  0.8000
   0   0.62336  0.8000
   0  -0.08830  0.8000
   0   0.21376  0.8000
   0   1.04767  0.8000
   0   0.81688  0.8000
   0   1.65808  0.8000
   0  -0.45616  0.8000
   0   0.79849  0.8000
   0   1.58561  0.8000
   0  -0.29822  0.8000
   0   0.15223  0.8000
   0   1.91290  0.8000
   0  -0.40925  0.8000
   0  -1.11256  0.8000
   0   0.38665  0.8000
   0  -0.40967  0.8000
   0  -1.17925  0.8000
   0  -1.03061  0.8000
   0  -0.38004  0.8000
   0   1.43211  0.8000
   0   1.19932  0.8000
   0  -1.16398  0.8000
   0  -0.13302  0.8000
   0   0.04110  0.8000
   0   0.86563  0.8000
   0  -2.38740  0.8000
   0   0.36190  0.8000
   0  -1.02272  0.8000
   0  -0.18254  0.8000
   0   0.39785  0.8000
   0  -0.46648  0.8000
   0  -0.43665  0.8000
   0  -0.47383  0.8000
   0  -0.69667  0.8000
   0  -1.08335  0.8000
   0  -0.12528  0.8000
   0   0.53136  0.8000
   0  -1.06252  0.8000
   0   0.63009  0.8000
   0   0.24974  0.8000
   0  -0.70520  0.8000
   0   0.75511  0.8000
   0   0.82975  0.8000
   0   0.30950  0.8000
   0   0.14041  0.8000
   0   1.95051  0.8000
   0  -0.45715  0.8000
   0  -0.14642  0.8000
   0  -0.89325  0.8000
   0  -0.43588  0.8000
   0  -0.52790  0.8000
   0   0.17474  0.8000
   0   0.12135  0.8000
   0   1.52862  0.8000
   0  -0.67969  0.8000
   0  -1.30854  0.8000
   0  -1.07375  0.8000
   0  -0.00934  0.8000
   0   1.32679  0.8000
   0   0.68848  0.8000
   0   0.54271  0.8000
   1  80.41202  0.8000
   0   0.36253  0.8000
   0   0.98129  0.8000
   0   0.87555  0.8000
   0   0.75926  0.8000
   0  -0.35885  0.8000
   0   0.04522  0.8000
   0   0.28484  0.8000
   0   0.13121  0.8000
   0   1.35474  0.8000
   0  -0.65748  0.8000
   0  -1.48500  0.8000
   0  -1.08146  0.8000
   0  -0.70473  0.8000
   0  -0.67447  0.8000
   0   1.99854  0.8000
   0   0.58250  0.8000
   0   0.32734  0.8000
   0   0.87766  0.8000
   0   1.83615  0.8000
   0  -0.93120  0.8000
   0  -0.50822  0.8000
   0   0.82805  0.8000
   0  -0.76249  0.8000
   0   0.05185  0.8000
   0  -0.48749  0.8000
   0  -0.57945  0.8000
   0  -0.33003  0.8000
   0   0.04141  0.8000
   0   0.03059  0.8000
   0   0.08677  0.8000
   0   1.12681  0.8000
   0  -1.10210  0.8000
   0  -0.83111  0.8000
   0   0.85794  0.8000
   0  -0.16555  0.8000
   0  -0.40852  0.8000
   1 104.40211  0.8000
   0  -1.17892  0.8000
   0   1.00028  0.8000
   0  -0.29951  0.8000
   0  -1.21217  0.8000
   0  -0.51312  0.8000
   0  -0.15230  0.8000
   0   0.06635  0.8000
   0  -0.99869  0.8000
   0   2.20878  0.8000
   0  -0.68332  0.8000
   0   0.49753  0.8000
   0  -0.61677  0.8000
   0  -0.47787  0.8000
   0   0.06641  0.8000
   0   0.00718  0.8000
   0  -1.52709  0.8000
   0   1.39108  0.8000
   0   0.30907  0.8000
   0  -1.49657  0.8000
   0  -0.03385  0.8000
   0   1.00472  0.8000
   0  -2.26624  0.8000
   0  -0.14827  0.8000
   0   0.46808  0.8000
